131 1999 0.13 0.09
320 2047 0.1 0.97
138 2279 0.36 0.08
102 2335 0.32 0.69
394 1880 0.35 0.32
87 1638 0.26 0.92
314 1806 0.08 0.35
256 1543 0.23 0.7
383 1840 0.22 0.08
129 2063 0.15 0.77
135 2011 0.1 0.33
161 1948 0.24 0.18
274 1414 0.08 0.67
152 880 0.32 0.82
385 325 0.39 0.84
161 271 0.35 0.3
127 100 0.12 0.75
326 265 0.23 0.0
393 416 0.2 0.36
296 864 0.18 0.41
120 966 0.13 0.63
71 1224 0.16 0.84
395 1361 0.33 0.53
373 1469 0.2 0.29
92 1652 0.17 0.67
354 1880 0.1 0.14
208 1728 0.17 0.56
260 1866 0.17 0.95
72 1796 0.08 0.53
203 1522 0.4 0.53
281 1659 0.34 0.92
322 1779 0.23 0.37
346 2049 0.26 0.82
84 1955 0.2 0.04
