100,100,0.05,0,0.991462518347,0.979334595908
100,100,0.05,20,0.95553060974,0.994363036389
100,100,0.05,40,0.948093806229,1.0
100,100,0.05,60,0.932474695836,0.983460519132
100,100,0.05,80,0.916630434362,0.985678728465
100,100,0.05,100,0.906144169974,0.988868390174
100,100,0.1,0,0.919384651165,0.996125537595
100,100,0.1,20,0.96805218174,0.997248970101
100,100,0.1,40,0.96372422677,1.0
100,100,0.1,60,0.952923149343,1.0
100,100,0.1,80,0.939909546526,0.99302895827
100,100,0.1,100,0.924576481202,0.996237777207
100,100,0.2,0,0.947249702195,1.0
100,100,0.2,20,0.982924265999,1.0
100,100,0.2,40,0.974350438853,0.875689797824
100,100,0.2,60,0.967802288419,0.884562806317
100,100,0.2,80,0.96560078779,1.0
100,100,0.2,100,0.969116968507,1.0
100,100,0.4,0,0.989024607951,1.0
100,100,0.4,20,0.994435335904,1.0
100,100,0.4,40,0.993989988682,1.0
100,100,0.4,60,0.993551678028,1.0
100,100,0.4,80,0.992750939042,1.0
100,100,0.4,100,0.990211316744,1.0
100,500,0.05,0,0.884641016534,0.893531796745
100,500,0.05,20,0.879004609427,0.912571562601
100,500,0.05,40,0.847949778134,0.899830511416
100,500,0.05,60,0.828043566909,0.873938783917
100,500,0.05,80,0.783317068748,0.796386424464
100,500,0.05,100,0.764433809675,0.764819101284
100,500,0.1,0,0.919259251965,0.929736147482
100,500,0.1,20,0.904760450451,0.937357974056
100,500,0.1,40,0.878238140331,0.94180970323
100,500,0.1,60,0.852747604653,0.892035414692
100,500,0.1,80,0.820447579716,0.832653636409
100,500,0.1,100,0.794379130408,0.817731117852
100,500,0.2,0,0.936823486744,0.901578257884
100,500,0.2,20,0.929933730984,0.989112791854
100,500,0.2,40,0.923593918507,0.972115608327
100,500,0.2,60,0.896507704973,0.955589344737
100,500,0.2,80,0.872176612238,0.964219892694
100,500,0.2,100,0.864899166985,0.921507955033
100,500,0.4,0,0.922017374232,0.982918082097
100,500,0.4,20,0.976801341441,1.0
100,500,0.4,40,0.971308838791,0.994542987658
100,500,0.4,60,0.935355833832,1.0
100,500,0.4,80,0.946942086413,0.996883766938
100,500,0.4,100,0.920621981417,0.993199618272
100,1500,0.05,0,0.792792744381,0.650203564369
100,1500,0.05,20,0.771390798026,0.620606819644
100,1500,0.05,40,0.719350443777,0.495542409118
100,1500,0.05,60,0.708604158099,0.542397963007
100,1500,0.05,80,0.657171795406,0.403045154286
100,1500,0.05,100,0.59501835491,0.368414798013
100,1500,0.1,0,0.88234136529,0.75544761483
100,1500,0.1,20,0.845048690578,0.711123552864
100,1500,0.1,40,0.716751729455,0.422105498392
100,1500,0.1,60,0.546835192505,0.194896274198
100,1500,0.1,80,0.61267767692,0.281851329941
100,1500,0.1,100,0.392373251687,0.0982645337624
100,1500,0.2,0,0.842180445539,0.808173531736
100,1500,0.2,20,0.781106793602,0.600682788582
100,1500,0.2,40,0.852922534917,0.789256305549
100,1500,0.2,60,0.84657765284,0.793788348857
100,1500,0.2,80,0.826377643163,0.854896460667
100,1500,0.2,100,0.804390058385,0.811736661848
100,1500,0.4,0,0.895957602597,0.973872353508
100,1500,0.4,20,0.965609384476,0.997209823241
100,1500,0.4,40,0.954479000053,0.990848142268
100,1500,0.4,60,0.916977021046,0.969243747737
100,1500,0.4,80,0.915488351735,0.986380872494
100,1500,0.4,100,0.89418651329,0.966951277965
100,3000,0.05,0,0.710958500252,0.312747553663
100,3000,0.05,20,0.679411450261,0.379372293072
100,3000,0.05,40,0.623006836778,0.257943799255
100,3000,0.05,60,0.527990744549,0.157482915431
100,3000,0.05,80,0.46591926856,0.123269628499
100,3000,0.05,100,0.415135049671,0.101877456994
100,3000,0.1,0,0.739957567783,0.561429856331
100,3000,0.1,20,0.763823128155,0.575380094997
100,3000,0.1,40,0.687853274433,0.389270736854
100,3000,0.1,60,0.625770948583,0.34175405489
100,3000,0.1,80,0.613115651517,0.30393683142
100,3000,0.1,100,0.532589580778,0.278094930736
100,3000,0.2,0,0.856298228728,0.788024577648
100,3000,0.2,20,0.856590508821,0.759321204726
100,3000,0.2,40,0.828264149362,0.817078421141
100,3000,0.2,60,0.778895790825,0.643805171206
100,3000,0.2,80,0.752515783385,0.680024369948
100,3000,0.2,100,0.665465806387,0.534939544213
100,3000,0.4,0,0.983607530957,0.971155488109
100,3000,0.4,20,0.950433326884,0.974732884027
100,3000,0.4,40,0.927420399894,0.982645354371
100,3000,0.4,60,0.913355032892,0.953060471914
100,3000,0.4,80,0.878995562055,0.928360735362
100,3000,0.4,100,0.838181503632,0.879286109484
200,100,0.05,0,0.914690581558,0.992795420325
200,100,0.05,20,0.959431967548,0.994588757829
200,100,0.05,40,0.957718728171,0.99720436302
200,100,0.05,60,0.944369994381,0.993834791475
200,100,0.05,80,0.934852593147,1.0
200,100,0.05,100,0.92430130925,0.996554104036
200,100,0.1,0,0.934478752702,0.985668466354
200,100,0.1,20,0.975032681678,1.0
200,100,0.1,40,0.968142773968,1.0
200,100,0.1,60,0.963854313183,1.0
200,100,0.1,80,0.957744767806,0.996859299068
200,100,0.1,100,0.947736823504,1.0
200,100,0.2,0,0.977254494048,0.996823382599
200,100,0.2,20,0.993001962147,1.0
200,100,0.2,40,0.991275688927,1.0
200,100,0.2,60,0.986348408167,1.0
200,100,0.2,80,0.984159259369,1.0
200,100,0.2,100,0.980812577847,1.0
200,100,0.4,0,0.99352762403,1.0
200,100,0.4,20,0.993116200749,1.0
200,100,0.4,40,0.993162531324,1.0
200,100,0.4,60,0.993205153817,1.0
200,100,0.4,80,0.993211934282,1.0
200,100,0.4,100,0.993243644952,1.0
200,500,0.05,0,0.895075318444,0.947985459831
200,500,0.05,20,0.8906891469,0.918393782215
200,500,0.05,40,0.86008456122,0.853348145728
200,500,0.05,60,0.840155472323,0.867337822579
200,500,0.05,80,0.787717500275,0.810396816486
200,500,0.05,100,0.758500685686,0.740240756201
200,500,0.1,0,0.919507131291,0.931057854742
200,500,0.1,20,0.917007342292,0.953960743963
200,500,0.1,40,0.889021491036,0.962103749299
200,500,0.1,60,0.871058218468,0.91525769606
200,500,0.1,80,0.846777354877,0.880541742518
200,500,0.1,100,0.816309549219,0.825447607772
200,500,0.2,0,0.954968212269,0.971166978196
200,500,0.2,20,0.945514537616,0.975471400547
200,500,0.2,40,0.94723578914,0.991596688315
200,500,0.2,60,0.91414974252,0.95986965289
200,500,0.2,80,0.906727401417,0.943712515294
200,500,0.2,100,0.884145836167,0.95226031507
200,500,0.4,0,0.952564068408,0.993185716407
200,500,0.4,20,0.99353997348,1.0
200,500,0.4,40,0.994382361884,1.0
200,500,0.4,60,0.97780314094,1.0
200,500,0.4,80,0.971326269917,1.0
200,500,0.4,100,0.964759921541,1.0
200,1500,0.05,0,0.787991275725,0.640568101382
200,1500,0.05,20,0.78443732403,0.659720853252
200,1500,0.05,40,0.741858255429,0.597743866337
200,1500,0.05,60,0.716041375511,0.500924861759
200,1500,0.05,80,0.659685160015,0.460017486316
200,1500,0.05,100,0.625697160966,0.416792579324
200,1500,0.1,0,0.816486208304,0.88383696766
200,1500,0.1,20,0.868330578838,0.891384648985
200,1500,0.1,40,0.846479475085,0.815228635171
200,1500,0.1,60,0.79621230337,0.708799513258
200,1500,0.1,80,0.716867510245,0.529453347547
200,1500,0.1,100,0.70766880091,0.574874908693
200,1500,0.2,0,0.936290903493,0.934104033529
200,1500,0.2,20,0.926144309852,0.969790852584
200,1500,0.2,40,0.913676693396,0.953250616252
200,1500,0.2,60,0.881916333324,0.905210367437
200,1500,0.2,80,0.861265001289,0.903992170626
200,1500,0.2,100,0.793761756499,0.781500263157
200,1500,0.4,0,0.952702462995,0.99645892722
200,1500,0.4,20,0.991997653121,1.0
200,1500,0.4,40,0.988299247466,1.0
200,1500,0.4,60,0.975605793716,1.0
200,1500,0.4,80,0.973421227411,1.0
200,1500,0.4,100,0.969122111665,0.993211159904
200,3000,0.05,0,0.769463096229,0.55207447167
200,3000,0.05,20,0.7020193865,0.35181358547
200,3000,0.05,40,0.644093765174,0.27150806333
200,3000,0.05,60,0.620774864211,0.256362832241
200,3000,0.05,80,0.539035794401,0.192335343161
200,3000,0.05,100,0.45148038545,0.119789898672
200,3000,0.1,0,0.839316295337,0.631237023408
200,3000,0.1,20,0.797329981528,0.640380413002
200,3000,0.1,40,0.751245096089,0.512996802135
200,3000,0.1,60,0.745239682084,0.54790150092
200,3000,0.1,80,0.677000674096,0.414692587671
200,3000,0.1,100,0.587886860329,0.302571850338
200,3000,0.2,0,0.849497113689,0.837105719737
200,3000,0.2,20,0.885188121679,0.878249496265
200,3000,0.2,40,0.859873744282,0.882580413056
200,3000,0.2,60,0.835519766428,0.783036524754
200,3000,0.2,80,0.753218353972,0.647904221194
200,3000,0.2,100,0.747861107239,0.630181505569
200,3000,0.4,0,0.915593605155,0.936150166158
200,3000,0.4,20,0.9834175681,1.0
200,3000,0.4,40,0.976258505833,1.0
200,3000,0.4,60,0.951726694489,0.996402881584
200,3000,0.4,80,0.917035052913,0.972486036859
200,3000,0.4,100,0.9023720129,0.948947553681
300,100,0.05,0,0.950222358954,1.0
300,100,0.05,20,0.977586861569,1.0
300,100,0.05,40,0.971912599517,1.0
300,100,0.05,60,0.967439886924,1.0
300,100,0.05,80,0.96369568514,1.0
300,100,0.05,100,0.95071688503,1.0
300,100,0.1,0,0.970844096251,1.0
300,100,0.1,20,0.990096468869,1.0
300,100,0.1,40,0.987114032792,1.0
300,100,0.1,60,0.982326572956,1.0
300,100,0.1,80,0.977924915876,1.0
300,100,0.1,100,0.974008833214,1.0
300,100,0.2,0,0.994517411865,1.0
300,100,0.2,20,0.993410855045,1.0
300,100,0.2,40,0.993576922335,1.0
300,100,0.2,60,0.994020558106,1.0
300,100,0.2,80,0.994217489872,1.0
300,100,0.2,100,0.994099471512,1.0
300,100,0.4,0,0.993276757256,1.0
300,100,0.4,20,0.993128709004,1.0
300,100,0.4,40,0.993184518717,1.0
300,100,0.4,60,0.993221675679,1.0
300,100,0.4,80,0.993280054008,1.0
300,100,0.4,100,0.993274477158,1.0
300,500,0.05,0,0.956041993216,0.951424482751
300,500,0.05,20,0.930001688963,0.978075871539
300,500,0.05,40,0.916731060984,0.971938257041
300,500,0.05,60,0.906982855094,0.96997977234
300,500,0.05,80,0.890841955652,0.965566376397
300,500,0.05,100,0.862764188266,0.943756472546
300,500,0.1,0,0.904214534399,0.977491113177
300,500,0.1,20,0.954580699615,0.997815640887
300,500,0.1,40,0.943525534364,0.99298248504
300,500,0.1,60,0.929841477652,0.984721460701
300,500,0.1,80,0.916227966394,0.98639476913
300,500,0.1,100,0.902742176287,0.985899840464
300,500,0.2,0,0.957666476834,1.0
300,500,0.2,20,0.987587268749,1.0
300,500,0.2,40,0.978268386611,1.0
300,500,0.2,60,0.975034519543,1.0
300,500,0.2,80,0.962407008892,0.997275948295
300,500,0.2,100,0.95626880403,1.0
300,500,0.4,0,0.993964176552,1.0
300,500,0.4,20,0.993308236424,1.0
300,500,0.4,40,0.993395753973,1.0
300,500,0.4,60,0.993403158001,1.0
300,500,0.4,80,0.993450836007,1.0
300,500,0.4,100,0.993511913861,1.0
300,1500,0.05,0,0.88940544454,0.80471534406
300,1500,0.05,20,0.845058371302,0.782465164925
300,1500,0.05,40,0.816457245096,0.785713648729
300,1500,0.05,60,0.774892700789,0.653173381257
300,1500,0.05,80,0.746870830419,0.576544575947
300,1500,0.05,100,0.711846864506,0.556618719069
300,1500,0.1,0,0.808850029847,0.794924452837
300,1500,0.1,20,0.916063442829,0.962957478708
300,1500,0.1,40,0.901869038595,0.947337152234
300,1500,0.1,60,0.86576054789,0.87967291491
300,1500,0.1,80,0.844915316791,0.837837652903
300,1500,0.1,100,0.827680363212,0.833487476206
300,1500,0.2,0,0.931843417606,0.990530374133
300,1500,0.2,20,0.977545698532,1.0
300,1500,0.2,40,0.964990968669,0.997362870729
300,1500,0.2,60,0.949190439787,0.994157188742
300,1500,0.2,80,0.930182501378,0.940157046559
300,1500,0.2,100,0.942446036669,0.978691834752
300,1500,0.4,0,0.993849512453,1.0
300,1500,0.4,20,0.993354488608,1.0
300,1500,0.4,40,0.993542538647,1.0
300,1500,0.4,60,0.993527426787,1.0
300,1500,0.4,80,0.9937260285,1.0
300,1500,0.4,100,0.993914579399,1.0
300,3000,0.05,0,0.753653588844,0.520913206088
300,3000,0.05,20,0.711081511543,0.439683889983
300,3000,0.05,40,0.67523991302,0.361044041954
300,3000,0.05,60,0.652258090947,0.314512049043
300,3000,0.05,80,0.557877241504,0.204053721182
300,3000,0.05,100,0.486031599659,0.147147129169
300,3000,0.1,0,0.83972470293,0.644610353937
300,3000,0.1,20,0.837523505606,0.677835494597
300,3000,0.1,40,0.782718461086,0.580847308271
300,3000,0.1,60,0.762822662875,0.541909542612
300,3000,0.1,80,0.695584117811,0.464931901455
300,3000,0.1,100,0.686027767085,0.475887280995
300,3000,0.2,0,0.974778436022,0.978122284402
300,3000,0.2,20,0.947551319677,0.979394319298
300,3000,0.2,40,0.931021812627,0.953016372631
300,3000,0.2,60,0.885953451822,0.900361996157
300,3000,0.2,80,0.871041585192,0.865608919886
300,3000,0.2,100,0.848623088043,0.905341445551
300,3000,0.4,0,0.994582669776,1.0
300,3000,0.4,20,0.993613585008,1.0
300,3000,0.4,40,0.993905287146,1.0
300,3000,0.4,60,0.993940961524,1.0
300,3000,0.4,80,0.994002727202,1.0
300,3000,0.4,100,0.99433005504,1.0
400,100,0.05,0,0.952096761151,1.0
400,100,0.05,20,0.978208961685,1.0
400,100,0.05,40,0.972616714332,1.0
400,100,0.05,60,0.966723480558,1.0
400,100,0.05,80,0.962505024871,1.0
400,100,0.05,100,0.952797461232,1.0
400,100,0.1,0,0.97122911766,1.0
400,100,0.1,20,0.989448533659,1.0
400,100,0.1,40,0.985553600228,1.0
400,100,0.1,60,0.980952571655,1.0
400,100,0.1,80,0.979186728745,1.0
400,100,0.1,100,0.971567222839,1.0
400,100,0.2,0,0.994068051409,1.0
400,100,0.2,20,0.993402716579,1.0
400,100,0.2,40,0.993610212215,1.0
400,100,0.2,60,0.993829906198,1.0
400,100,0.2,80,0.994067052671,1.0
400,100,0.2,100,0.994499066645,1.0
400,100,0.4,0,0.993225950769,1.0
400,100,0.4,20,0.993133107102,1.0
400,100,0.4,40,0.993175046709,1.0
400,100,0.4,60,0.993201847813,1.0
400,100,0.4,80,0.993226106158,1.0
400,100,0.4,100,0.993253483206,1.0
400,500,0.05,0,0.972300367562,0.937504021824
400,500,0.05,20,0.927774374895,0.980000673373
400,500,0.05,40,0.917130703226,0.976259438127
400,500,0.05,60,0.905726166365,0.960615731001
400,500,0.05,80,0.884246557153,0.946891978639
400,500,0.05,100,0.864976947408,0.91625226216
400,500,0.1,0,0.9039793966,0.974903732265
400,500,0.1,20,0.955945286426,0.997808940404
400,500,0.1,40,0.943157302098,0.997628084605
400,500,0.1,60,0.927153980171,0.987176375896
400,500,0.1,80,0.91705015888,0.978633300356
400,500,0.1,100,0.896231785421,0.982654384951
400,500,0.2,0,0.95363210976,0.997081146267
400,500,0.2,20,0.990762418281,1.0
400,500,0.2,40,0.98144522006,1.0
400,500,0.2,60,0.970858118016,1.0
400,500,0.2,80,0.965709577235,1.0
400,500,0.2,100,0.957875403766,1.0
400,500,0.4,0,0.994149363921,1.0
400,500,0.4,20,0.993254270505,1.0
400,500,0.4,40,0.993334156744,1.0
400,500,0.4,60,0.993370997542,1.0
400,500,0.4,80,0.993480138035,1.0
400,500,0.4,100,0.993601293683,1.0
400,1500,0.05,0,0.813743826579,0.766708033198
400,1500,0.05,20,0.838888123439,0.764384477904
400,1500,0.05,40,0.823099269342,0.724885218152
400,1500,0.05,60,0.785390905927,0.681357789342
400,1500,0.05,80,0.758347726982,0.655731074514
400,1500,0.05,100,0.710976906874,0.590529413152
400,1500,0.1,0,0.928818110591,0.947820741313
400,1500,0.1,20,0.920407633882,0.955931588201
400,1500,0.1,40,0.901265676757,0.954475890811
400,1500,0.1,60,0.869461066934,0.889440414956
400,1500,0.1,80,0.851183139639,0.843712609692
400,1500,0.1,100,0.828429388948,0.855912620188
400,1500,0.2,0,0.929838614136,0.99041234609
400,1500,0.2,20,0.977206394198,1.0
400,1500,0.2,40,0.962521306049,0.994626557833
400,1500,0.2,60,0.955361570235,0.997159092822
400,1500,0.2,80,0.943001938989,0.993913591579
400,1500,0.2,100,0.92958211952,0.987076109979
400,1500,0.4,0,0.993737309358,1.0
400,1500,0.4,20,0.993335500796,1.0
400,1500,0.4,40,0.993450822126,1.0
400,1500,0.4,60,0.993700051278,1.0
400,1500,0.4,80,0.993672647321,1.0
400,1500,0.4,100,0.993857255214,1.0
400,3000,0.05,0,0.783122320853,0.555619099222
400,3000,0.05,20,0.72856492876,0.467160322346
400,3000,0.05,40,0.669373278589,0.300886504588
400,3000,0.05,60,0.631556042172,0.310330626826
400,3000,0.05,80,0.546131292099,0.194963313296
400,3000,0.05,100,0.494356375636,0.172435511504
400,3000,0.1,0,0.857202562108,0.794546444256
400,3000,0.1,20,0.830181936865,0.733309948618
400,3000,0.1,40,0.782631258914,0.586891472943
400,3000,0.1,60,0.750375035772,0.534851109314
400,3000,0.1,80,0.689636262646,0.436359074015
400,3000,0.1,100,0.630614040945,0.360237275363
400,3000,0.2,0,0.963867073088,0.957098865587
400,3000,0.2,20,0.947544798777,0.984976246275
400,3000,0.2,40,0.924187260948,0.96418494748
400,3000,0.2,60,0.887968369804,0.945200813987
400,3000,0.2,80,0.887154517701,0.924660180201
400,3000,0.2,100,0.849244856855,0.843630660817
400,3000,0.4,0,0.994568846004,1.0
400,3000,0.4,20,0.99372316197,1.0
400,3000,0.4,40,0.994122408037,1.0
400,3000,0.4,60,0.994097885549,1.0
400,3000,0.4,80,0.994520119118,1.0
400,3000,0.4,100,0.994458300325,1.0
