[0, 1, 2],200,500,350,[0.8800000000000004, 0.059999999999999776, 0.059999999999999776]
[0, 2, 1],200,500,335,[0.8800000000000004, 0.059999999999999776, 0.059999999999999776]
[1, 0, 2],200,500,354,[0.059999999999999776, 0.8800000000000004, 0.059999999999999776]
[1, 2, 0],200,500,353,[0.059999999999999776, 0.8800000000000004, 0.059999999999999776]
[2, 0, 1],200,500,345,[0.46000000000000013, 0.059999999999999776, 0.4800000000000001]
[2, 1, 0],200,500,380,[0.059999999999999776, 0.059999999999999776, 0.8800000000000004]
[0, 2, 1],50,500,352,[0.8800000000000004, 0.059999999999999776, 0.059999999999999776]
[0, 2, 1],100,500,283,[0.8800000000000004, 0.059999999999999776, 0.059999999999999776]
[0, 2, 1],150,500,429,[0.8800000000000004, 0.059999999999999776, 0.059999999999999776]
[0, 2, 1],200,500,379,[0.8800000000000004, 0.059999999999999776, 0.059999999999999776]
[0, 2, 1],250,500,329,[0.8800000000000004, 0.059999999999999776, 0.059999999999999776]
[0, 2, 1],300,500,269,[0.8800000000000004, 0.059999999999999776, 0.059999999999999776]
[0, 2, 1],350,500,265,[0.8800000000000004, 0.059999999999999776, 0.059999999999999776]
[0, 2, 1],400,500,281,[0.8800000000000004, 0.059999999999999776, 0.059999999999999776]
[0, 2, 1],200,100,225,[0.8800000000000004, 0.059999999999999776, 0.059999999999999776]
[0, 2, 1],200,200,394,[0.8800000000000004, 0.059999999999999776, 0.059999999999999776]
[0, 2, 1],200,500,788,[0.8800000000000004, 0.059999999999999776, 0.059999999999999776]
[0, 2, 1],200,1000,340,[0.8800000000000004, 0.059999999999999776, 0.059999999999999776]
[0, 2, 1],200,1500,481,[0.4800000000000001, 0.059999999999999776, 0.46000000000000013]
[0, 2, 1],200,2000,509,[0.4800000000000001, 0.059999999999999776, 0.46000000000000013]
[0, 2, 1],200,3000,511,[0.4800000000000001, 0.059999999999999776, 0.46000000000000013]
[0, 2, 1],200,4000,454,[0.4800000000000001, 0.059999999999999776, 0.46000000000000013]
[0, 2, 1],200,100,61,[0.8800000000000004, 0.059999999999999776, 0.059999999999999776]
[0, 2, 1],200,200,305,[0.8800000000000004, 0.059999999999999776, 0.059999999999999776]
[0, 2, 1],200,500,351,[0.8800000000000004, 0.059999999999999776, 0.059999999999999776]
[0, 2, 1],200,1000,223,[0.8800000000000004, 0.059999999999999776, 0.059999999999999776]
[0, 2, 1],200,1500,248,[0.8800000000000004, 0.059999999999999776, 0.059999999999999776]
[0, 2, 1],200,2000,296,[0.8800000000000004, 0.059999999999999776, 0.059999999999999776]
[0, 2, 1],200,3000,335,[0.8800000000000004, 0.059999999999999776, 0.059999999999999776]
[0, 2, 1],200,4000,337,[0.8800000000000004, 0.059999999999999776, 0.059999999999999776]
[0, 2, 1],200,2000,144,[0.8800000000000004, 0.059999999999999776, 0.059999999999999776]
[0, 2, 1],200,2000,730,[0.4, 0.3, 0.3]
[0, 2, 1],200,2000,623,[0.4800000000000001, 0.059999999999999776, 0.46000000000000013]
[0, 2, 1],200,1000,284,[0.8800000000000004, 0.059999999999999776, 0.059999999999999776]
[0, 2, 1],200,2000,72,[0.8800000000000004, 0.059999999999999776, 0.059999999999999776]
[0, 2, 1],200,2000,322,[0.8800000000000004, 0.059999999999999776, 0.059999999999999776]
[0, 2, 1],200,1000,121,[0.8800000000000004, 0.059999999999999776, 0.059999999999999776]

[0, 1, 2],200,1000,58,[0.8800000000000004, 0.059999999999999776, 0.059999999999999776]
[0, 2, 1],200,1000,204,[0.8800000000000004, 0.059999999999999776, 0.059999999999999776]
[1, 0, 2],200,1000,191,[0.059999999999999776, 0.8800000000000004, 0.059999999999999776]
[1, 2, 0],200,1000,199,[0.059999999999999776, 0.8800000000000004, 0.059999999999999776]
[2, 0, 1],200,1000,197,[0.46000000000000013, 0.059999999999999776, 0.4800000000000001]
[2, 1, 0],200,1000,176,[0.059999999999999776, 0.059999999999999776, 0.8800000000000004]

[0, 1, 2],200,1000,231,[0.8800000000000004, 0.059999999999999776, 0.059999999999999776]
[0, 2, 1],200,1000,338,[0.8800000000000004, 0.059999999999999776, 0.059999999999999776]
[1, 0, 2],200,1000,351,[0.059999999999999776, 0.8800000000000004, 0.059999999999999776]
[1, 2, 0],200,1000,328,[0.059999999999999776, 0.8800000000000004, 0.059999999999999776]
[2, 0, 1],200,1000,352,[0.46000000000000013, 0.059999999999999776, 0.4800000000000001]
[2, 1, 0],200,1000,326,[0.059999999999999776, 0.059999999999999776, 0.8800000000000004]

[0, 2, 1],50,1000,181,[0.8800000000000004, 0.059999999999999776, 0.059999999999999776]
[0, 2, 1],100,1000,162,[0.8800000000000004, 0.059999999999999776, 0.059999999999999776]
[0, 2, 1],150,1000,186,[0.8800000000000004, 0.059999999999999776, 0.059999999999999776]
[0, 2, 1],200,1000,187,[0.8800000000000004, 0.059999999999999776, 0.059999999999999776]
[0, 2, 1],250,1000,111,[0.8800000000000004, 0.059999999999999776, 0.059999999999999776]
[0, 2, 1],300,1000,18,[0.8800000000000004, 0.059999999999999776, 0.059999999999999776]
[0, 2, 1],350,1000,46,[0.8800000000000004, 0.059999999999999776, 0.059999999999999776]
[0, 2, 1],400,1000,43,[0.8800000000000004, 0.059999999999999776, 0.059999999999999776]

[0, 2, 1],200,100,47,[0.8800000000000004, 0.059999999999999776, 0.059999999999999776]
[0, 2, 1],200,200,271,[0.8800000000000004, 0.059999999999999776, 0.059999999999999776]
[0, 2, 1],200,500,198,[0.8800000000000004, 0.059999999999999776, 0.059999999999999776]
[0, 2, 1],200,1000,229,[0.8800000000000004, 0.059999999999999776, 0.059999999999999776]
[0, 2, 1],200,1500,228,[0.8800000000000004, 0.059999999999999776, 0.059999999999999776]
[0, 2, 1],200,2000,172,[0.8800000000000004, 0.059999999999999776, 0.059999999999999776]
[0, 2, 1],200,3000,282,[0.8800000000000004, 0.059999999999999776, 0.059999999999999776]
[0, 2, 1],200,4000,411,[0.8800000000000004, 0.059999999999999776, 0.059999999999999776]

[0, 1, 2],200,1000,203,[0.8800000000000004, 0.059999999999999776, 0.059999999999999776]
[0, 2, 1],200,1000,327,[0.8800000000000004, 0.059999999999999776, 0.059999999999999776]
[1, 0, 2],200,1000,289,[0.059999999999999776, 0.8800000000000004, 0.059999999999999776]
[1, 2, 0],200,1000,309,[0.059999999999999776, 0.8800000000000004, 0.059999999999999776]
[2, 0, 1],200,1000,341,[0.46000000000000013, 0.059999999999999776, 0.4800000000000001]
[2, 1, 0],200,1000,314,[0.059999999999999776, 0.059999999999999776, 0.8800000000000004]

[0, 2, 1],50,1000,356,[0.8800000000000004, 0.059999999999999776, 0.059999999999999776]
[0, 2, 1],100,1000,299,[0.8800000000000004, 0.059999999999999776, 0.059999999999999776]
[0, 2, 1],150,1000,267,[0.8800000000000004, 0.059999999999999776, 0.059999999999999776]
[0, 2, 1],200,1000,226,[0.8800000000000004, 0.059999999999999776, 0.059999999999999776]
[0, 2, 1],250,1000,294,[0.8800000000000004, 0.059999999999999776, 0.059999999999999776]
[0, 2, 1],300,1000,210,[0.8800000000000004, 0.059999999999999776, 0.059999999999999776]
[0, 2, 1],350,1000,190,[0.8800000000000004, 0.059999999999999776, 0.059999999999999776]
[0, 2, 1],400,1000,222,[0.8800000000000004, 0.059999999999999776, 0.059999999999999776]

[0, 2, 1],200,100,194,[0.8800000000000004, 0.059999999999999776, 0.059999999999999776]
[0, 2, 1],200,200,320,[0.8800000000000004, 0.059999999999999776, 0.059999999999999776]
[0, 2, 1],200,500,326,[0.8800000000000004, 0.059999999999999776, 0.059999999999999776]
[0, 2, 1],200,1000,349,[0.8800000000000004, 0.059999999999999776, 0.059999999999999776]
[0, 2, 1],200,1500,399,[0.8800000000000004, 0.059999999999999776, 0.059999999999999776]
[0, 2, 1],200,2000,538,[0.4800000000000001, 0.059999999999999776, 0.46000000000000013]
[0, 2, 1],200,3000,425,[0.4800000000000001, 0.059999999999999776, 0.46000000000000013]
[0, 2, 1],200,4000,402,[0.8800000000000004, 0.059999999999999776, 0.059999999999999776]
