[0, 1, 2],25,100,198,[0.8800000000000004, 0.059999999999999776, 0.059999999999999776]
[0, 2, 1],25,100,234,[0.8800000000000004, 0.059999999999999776, 0.059999999999999776]
[1, 0, 2],25,100,174,[0.059999999999999776, 0.8800000000000004, 0.059999999999999776]
[0, 1, 2],25,200,335,[0.4800000000000001, 0.46000000000000013, 0.059999999999999776]
[0, 2, 1],25,200,245,[0.8800000000000004, 0.059999999999999776, 0.059999999999999776]
[1, 0, 2],25,200,307,[0.059999999999999776, 0.8800000000000004, 0.059999999999999776]
[0, 1, 2],25,500,270,[0.8800000000000004, 0.059999999999999776, 0.059999999999999776]
[0, 2, 1],25,500,211,[0.8800000000000004, 0.059999999999999776, 0.059999999999999776]
[1, 0, 2],25,500,198,[0.059999999999999776, 0.8800000000000004, 0.059999999999999776]
[0, 1, 2],25,1000,214,[0.8800000000000004, 0.059999999999999776, 0.059999999999999776]
[0, 2, 1],25,1000,242,[0.8800000000000004, 0.059999999999999776, 0.059999999999999776]
[1, 0, 2],25,1000,244,[0.059999999999999776, 0.8800000000000004, 0.059999999999999776]
[0, 1, 2],25,1500,323,[0.8800000000000004, 0.059999999999999776, 0.059999999999999776]
[0, 2, 1],25,1500,431,[0.4800000000000001, 0.059999999999999776, 0.46000000000000013]
[1, 0, 2],25,1500,433,[0.059999999999999776, 0.8800000000000004, 0.059999999999999776]
[0, 1, 2],25,2000,504,[0.8800000000000004, 0.059999999999999776, 0.059999999999999776]
[0, 2, 1],25,2000,403,[0.4800000000000001, 0.059999999999999776, 0.46000000000000013]
[1, 0, 2],25,2000,475,[0.059999999999999776, 0.8800000000000004, 0.059999999999999776]
[0, 1, 2],25,2500,90,[0.8800000000000004, 0.059999999999999776, 0.059999999999999776]
[0, 2, 1],25,2500,532,[0.4800000000000001, 0.059999999999999776, 0.46000000000000013]
[1, 0, 2],25,2500,449,[0.059999999999999776, 0.8800000000000004, 0.059999999999999776]
[0, 1, 2],25,3000,526,[0.4800000000000001, 0.46000000000000013, 0.059999999999999776]
[0, 2, 1],25,3000,119,[0.8800000000000004, 0.059999999999999776, 0.059999999999999776]
[1, 0, 2],25,3000,501,[0.059999999999999776, 0.8800000000000004, 0.059999999999999776]
[0, 1, 2],25,3500,498,[0.4, 0.3, 0.3]
[0, 2, 1],25,3500,467,[0.4800000000000001, 0.059999999999999776, 0.46000000000000013]
[1, 0, 2],25,3500,422,[0.059999999999999776, 0.8800000000000004, 0.059999999999999776]
[0, 1, 2],25,4000,510,[0.5600000000000002, 0.38, 0.05999999999999983]
[0, 2, 1],25,4000,462,[0.4800000000000001, 0.059999999999999776, 0.46000000000000013]
[1, 0, 2],25,4000,501,[0.059999999999999776, 0.8800000000000004, 0.059999999999999776]
[0, 1, 2],50,100,173,[0.8800000000000004, 0.059999999999999776, 0.059999999999999776]
[0, 2, 1],50,100,167,[0.8800000000000004, 0.059999999999999776, 0.059999999999999776]
[1, 0, 2],50,100,167,[0.059999999999999776, 0.8800000000000004, 0.059999999999999776]
[0, 1, 2],50,200,325,[0.4800000000000001, 0.46000000000000013, 0.059999999999999776]
[0, 2, 1],50,200,285,[0.8800000000000004, 0.059999999999999776, 0.059999999999999776]
[1, 0, 2],50,200,297,[0.059999999999999776, 0.8800000000000004, 0.059999999999999776]
[0, 1, 2],50,500,306,[0.4800000000000001, 0.46000000000000013, 0.059999999999999776]
[0, 2, 1],50,500,282,[0.8800000000000004, 0.059999999999999776, 0.059999999999999776]
[1, 0, 2],50,500,297,[0.059999999999999776, 0.8800000000000004, 0.059999999999999776]
[0, 1, 2],50,1000,182,[0.8800000000000004, 0.059999999999999776, 0.059999999999999776]
[0, 2, 1],50,1000,298,[0.8800000000000004, 0.059999999999999776, 0.059999999999999776]
[1, 0, 2],50,1000,306,[0.059999999999999776, 0.8800000000000004, 0.059999999999999776]
[0, 1, 2],50,1500,254,[0.8800000000000004, 0.059999999999999776, 0.059999999999999776]
[0, 2, 1],50,1500,422,[0.4800000000000001, 0.059999999999999776, 0.46000000000000013]
[1, 0, 2],50,1500,431,[0.059999999999999776, 0.8800000000000004, 0.059999999999999776]
[0, 1, 2],50,2000,480,[0.8800000000000004, 0.059999999999999776, 0.059999999999999776]
[0, 2, 1],50,2000,467,[0.4800000000000001, 0.059999999999999776, 0.46000000000000013]
[1, 0, 2],50,2000,524,[0.059999999999999776, 0.8800000000000004, 0.059999999999999776]
[0, 1, 2],50,2500,493,[0.4600000000000001, 0.4500000000000001, 0.0899999999999998]
[0, 2, 1],50,2500,504,[0.4800000000000001, 0.059999999999999776, 0.46000000000000013]
[1, 0, 2],50,2500,511,[0.059999999999999776, 0.8800000000000004, 0.059999999999999776]
[0, 1, 2],50,3000,395,[0.8800000000000004, 0.059999999999999776, 0.059999999999999776]
[0, 2, 1],50,3000,517,[0.4800000000000001, 0.059999999999999776, 0.46000000000000013]
[1, 0, 2],50,3000,512,[0.059999999999999776, 0.8800000000000004, 0.059999999999999776]
[0, 1, 2],50,3500,513,[0.4600000000000001, 0.4500000000000001, 0.0899999999999998]
[0, 2, 1],50,3500,438,[0.4800000000000001, 0.059999999999999776, 0.46000000000000013]
[1, 0, 2],50,3500,533,[0.059999999999999776, 0.8800000000000004, 0.059999999999999776]
[0, 1, 2],50,4000,446,[0.8800000000000004, 0.059999999999999776, 0.059999999999999776]
[0, 2, 1],50,4000,414,[0.4800000000000001, 0.059999999999999776, 0.46000000000000013]
[1, 0, 2],50,4000,498,[0.059999999999999776, 0.8800000000000004, 0.059999999999999776]
[0, 1, 2],75,100,191,[0.8800000000000004, 0.059999999999999776, 0.059999999999999776]
[0, 2, 1],75,100,169,[0.8800000000000004, 0.059999999999999776, 0.059999999999999776]
[1, 0, 2],75,100,163,[0.2999999999999999, 0.6400000000000002, 0.05999999999999989]
[0, 1, 2],75,200,328,[0.8800000000000004, 0.059999999999999776, 0.059999999999999776]
[0, 2, 1],75,200,304,[0.8800000000000004, 0.059999999999999776, 0.059999999999999776]
[1, 0, 2],75,200,276,[0.059999999999999776, 0.8800000000000004, 0.059999999999999776]
[0, 1, 2],75,500,316,[0.8800000000000004, 0.059999999999999776, 0.059999999999999776]
[0, 2, 1],75,500,316,[0.8800000000000004, 0.059999999999999776, 0.059999999999999776]
[1, 0, 2],75,500,302,[0.059999999999999776, 0.8800000000000004, 0.059999999999999776]
[0, 1, 2],75,1000,287,[0.8800000000000004, 0.059999999999999776, 0.059999999999999776]
[0, 2, 1],75,1000,257,[0.8800000000000004, 0.059999999999999776, 0.059999999999999776]
[1, 0, 2],75,1000,282,[0.059999999999999776, 0.8800000000000004, 0.059999999999999776]
[0, 1, 2],75,1500,422,[0.8800000000000004, 0.059999999999999776, 0.059999999999999776]
[0, 2, 1],75,1500,427,[0.8800000000000004, 0.059999999999999776, 0.059999999999999776]
[1, 0, 2],75,1500,254,[0.059999999999999776, 0.8800000000000004, 0.059999999999999776]
[0, 1, 2],75,2000,466,[0.8800000000000004, 0.059999999999999776, 0.059999999999999776]
[0, 2, 1],75,2000,481,[0.4800000000000001, 0.059999999999999776, 0.46000000000000013]
[1, 0, 2],75,2000,459,[0.059999999999999776, 0.8800000000000004, 0.059999999999999776]
[0, 1, 2],75,2500,515,[0.8800000000000004, 0.059999999999999776, 0.059999999999999776]
[0, 2, 1],75,2500,542,[0.4800000000000001, 0.059999999999999776, 0.46000000000000013]
[1, 0, 2],75,2500,504,[0.059999999999999776, 0.8800000000000004, 0.059999999999999776]
[0, 1, 2],75,3000,521,[0.8800000000000004, 0.059999999999999776, 0.059999999999999776]
[0, 2, 1],75,3000,432,[0.4800000000000001, 0.059999999999999776, 0.46000000000000013]
[1, 0, 2],75,3000,519,[0.059999999999999776, 0.8800000000000004, 0.059999999999999776]
[0, 1, 2],75,3500,520,[0.4600000000000001, 0.4500000000000001, 0.0899999999999998]
[0, 2, 1],75,3500,477,[0.4800000000000001, 0.059999999999999776, 0.46000000000000013]
[1, 0, 2],75,3500,541,[0.059999999999999776, 0.8800000000000004, 0.059999999999999776]
[0, 1, 2],75,4000,450,[0.8800000000000004, 0.059999999999999776, 0.059999999999999776]
[0, 2, 1],75,4000,459,[0.4800000000000001, 0.059999999999999776, 0.46000000000000013]
[1, 0, 2],75,4000,461,[0.059999999999999776, 0.8800000000000004, 0.059999999999999776]
[0, 1, 2],100,100,198,[0.8800000000000004, 0.059999999999999776, 0.059999999999999776]
[0, 2, 1],100,100,179,[0.8800000000000004, 0.059999999999999776, 0.059999999999999776]
[1, 0, 2],100,100,182,[0.059999999999999776, 0.8800000000000004, 0.059999999999999776]
[0, 1, 2],100,200,329,[0.8800000000000004, 0.059999999999999776, 0.059999999999999776]
[0, 2, 1],100,200,268,[0.8800000000000004, 0.059999999999999776, 0.059999999999999776]
[1, 0, 2],100,200,290,[0.059999999999999776, 0.8800000000000004, 0.059999999999999776]
[0, 1, 2],100,500,300,[0.8800000000000004, 0.059999999999999776, 0.059999999999999776]
[0, 2, 1],100,500,318,[0.8800000000000004, 0.059999999999999776, 0.059999999999999776]
[1, 0, 2],100,500,316,[0.059999999999999776, 0.8800000000000004, 0.059999999999999776]
[0, 1, 2],100,1000,238,[0.8800000000000004, 0.059999999999999776, 0.059999999999999776]
[0, 2, 1],100,1000,309,[0.8800000000000004, 0.059999999999999776, 0.059999999999999776]
[1, 0, 2],100,1000,327,[0.059999999999999776, 0.8800000000000004, 0.059999999999999776]
[0, 1, 2],100,1500,308,[0.8800000000000004, 0.059999999999999776, 0.059999999999999776]
[0, 2, 1],100,1500,364,[0.4800000000000001, 0.059999999999999776, 0.46000000000000013]
[1, 0, 2],100,1500,415,[0.059999999999999776, 0.8800000000000004, 0.059999999999999776]
[0, 1, 2],100,2000,428,[0.8800000000000004, 0.059999999999999776, 0.059999999999999776]
[0, 2, 1],100,2000,486,[0.4800000000000001, 0.059999999999999776, 0.46000000000000013]
[1, 0, 2],100,2000,484,[0.059999999999999776, 0.8800000000000004, 0.059999999999999776]
[0, 1, 2],100,2500,524,[0.4800000000000001, 0.46000000000000013, 0.059999999999999776]
[0, 2, 1],100,2500,610,[0.4800000000000001, 0.059999999999999776, 0.46000000000000013]
[1, 0, 2],100,2500,520,[0.059999999999999776, 0.8800000000000004, 0.059999999999999776]
[0, 1, 2],100,3000,530,[0.4800000000000001, 0.46000000000000013, 0.059999999999999776]
[0, 2, 1],100,3000,539,[0.4800000000000001, 0.059999999999999776, 0.46000000000000013]
[1, 0, 2],100,3000,438,[0.059999999999999776, 0.8800000000000004, 0.059999999999999776]
[0, 1, 2],100,3500,504,[0.4800000000000001, 0.46000000000000013, 0.059999999999999776]
[0, 2, 1],100,3500,389,[0.4800000000000001, 0.059999999999999776, 0.46000000000000013]
[1, 0, 2],100,3500,490,[0.059999999999999776, 0.8800000000000004, 0.059999999999999776]
[0, 1, 2],100,4000,622,[0.4, 0.38000000000000006, 0.21999999999999992]
[0, 2, 1],100,4000,472,[0.4800000000000001, 0.059999999999999776, 0.46000000000000013]
[1, 0, 2],100,4000,464,[0.059999999999999776, 0.8800000000000004, 0.059999999999999776]
[0, 1, 2],125,100,193,[0.5600000000000002, 0.38, 0.05999999999999983]
[0, 2, 1],125,100,180,[0.8800000000000004, 0.059999999999999776, 0.059999999999999776]
[1, 0, 2],125,100,195,[0.059999999999999776, 0.8800000000000004, 0.059999999999999776]
[0, 1, 2],125,200,320,[0.8800000000000004, 0.059999999999999776, 0.059999999999999776]
[0, 2, 1],125,200,329,[0.8800000000000004, 0.059999999999999776, 0.059999999999999776]
[1, 0, 2],125,200,315,[0.059999999999999776, 0.8800000000000004, 0.059999999999999776]
[0, 1, 2],125,500,323,[0.8800000000000004, 0.059999999999999776, 0.059999999999999776]
[0, 2, 1],125,500,328,[0.8800000000000004, 0.059999999999999776, 0.059999999999999776]
[1, 0, 2],125,500,264,[0.059999999999999776, 0.8800000000000004, 0.059999999999999776]
[0, 1, 2],125,1000,328,[0.8800000000000004, 0.059999999999999776, 0.059999999999999776]
[0, 2, 1],125,1000,318,[0.8800000000000004, 0.059999999999999776, 0.059999999999999776]
[1, 0, 2],125,1000,304,[0.059999999999999776, 0.8800000000000004, 0.059999999999999776]
[0, 1, 2],125,1500,419,[0.8800000000000004, 0.059999999999999776, 0.059999999999999776]
[0, 2, 1],125,1500,417,[0.4800000000000001, 0.059999999999999776, 0.46000000000000013]
[1, 0, 2],125,1500,444,[0.059999999999999776, 0.8800000000000004, 0.059999999999999776]
[0, 1, 2],125,2000,434,[0.8800000000000004, 0.059999999999999776, 0.059999999999999776]
[0, 2, 1],125,2000,506,[0.4800000000000001, 0.059999999999999776, 0.46000000000000013]
[1, 0, 2],125,2000,572,[0.059999999999999776, 0.8800000000000004, 0.059999999999999776]
[0, 1, 2],125,2500,546,[0.8800000000000004, 0.059999999999999776, 0.059999999999999776]
[0, 2, 1],125,2500,574,[0.4800000000000001, 0.059999999999999776, 0.46000000000000013]
[1, 0, 2],125,2500,488,[0.059999999999999776, 0.8800000000000004, 0.059999999999999776]
[0, 1, 2],125,3000,481,[0.8800000000000004, 0.059999999999999776, 0.059999999999999776]
[0, 2, 1],125,3000,480,[0.4800000000000001, 0.059999999999999776, 0.46000000000000013]
[1, 0, 2],125,3000,546,[0.059999999999999776, 0.8800000000000004, 0.059999999999999776]
[0, 1, 2],125,3500,564,[0.4600000000000001, 0.4500000000000001, 0.0899999999999998]
[0, 2, 1],125,3500,472,[0.4800000000000001, 0.059999999999999776, 0.46000000000000013]
[1, 0, 2],125,3500,524,[0.059999999999999776, 0.8800000000000004, 0.059999999999999776]
[0, 1, 2],125,4000,514,[0.8800000000000004, 0.059999999999999776, 0.059999999999999776]
[0, 2, 1],125,4000,494,[0.4800000000000001, 0.059999999999999776, 0.46000000000000013]
[1, 0, 2],125,4000,424,[0.059999999999999776, 0.8800000000000004, 0.059999999999999776]
[0, 1, 2],150,100,191,[0.8800000000000004, 0.059999999999999776, 0.059999999999999776]
[0, 2, 1],150,100,202,[0.8800000000000004, 0.059999999999999776, 0.059999999999999776]
[1, 0, 2],150,100,196,[0.2999999999999999, 0.6400000000000002, 0.05999999999999989]
[0, 1, 2],150,200,332,[0.8800000000000004, 0.059999999999999776, 0.059999999999999776]
[0, 2, 1],150,200,315,[0.8800000000000004, 0.059999999999999776, 0.059999999999999776]
[1, 0, 2],150,200,304,[0.059999999999999776, 0.8800000000000004, 0.059999999999999776]
[0, 1, 2],150,500,311,[0.8800000000000004, 0.059999999999999776, 0.059999999999999776]
[0, 2, 1],150,500,287,[0.8800000000000004, 0.059999999999999776, 0.059999999999999776]
[1, 0, 2],150,500,314,[0.059999999999999776, 0.8800000000000004, 0.059999999999999776]
[0, 1, 2],150,1000,321,[0.8800000000000004, 0.059999999999999776, 0.059999999999999776]
[0, 2, 1],150,1000,325,[0.8800000000000004, 0.059999999999999776, 0.059999999999999776]
[1, 0, 2],150,1000,321,[0.059999999999999776, 0.8800000000000004, 0.059999999999999776]
[0, 1, 2],150,1500,432,[0.8800000000000004, 0.059999999999999776, 0.059999999999999776]
[0, 2, 1],150,1500,488,[0.4800000000000001, 0.059999999999999776, 0.46000000000000013]
[1, 0, 2],150,1500,465,[0.059999999999999776, 0.8800000000000004, 0.059999999999999776]
[0, 1, 2],150,2000,494,[0.8800000000000004, 0.059999999999999776, 0.059999999999999776]
[0, 2, 1],150,2000,411,[0.4800000000000001, 0.059999999999999776, 0.46000000000000013]
[1, 0, 2],150,2000,529,[0.059999999999999776, 0.8800000000000004, 0.059999999999999776]
[0, 1, 2],150,2500,337,[0.8800000000000004, 0.059999999999999776, 0.059999999999999776]
[0, 2, 1],150,2500,524,[0.4800000000000001, 0.059999999999999776, 0.46000000000000013]
[1, 0, 2],150,2500,542,[0.059999999999999776, 0.8800000000000004, 0.059999999999999776]
[0, 1, 2],150,3000,513,[0.4600000000000001, 0.4500000000000001, 0.0899999999999998]
[0, 2, 1],150,3000,518,[0.4800000000000001, 0.059999999999999776, 0.46000000000000013]
[1, 0, 2],150,3000,546,[0.059999999999999776, 0.8800000000000004, 0.059999999999999776]
[0, 1, 2],150,3500,502,[0.4800000000000001, 0.46000000000000013, 0.059999999999999776]
[0, 2, 1],150,3500,498,[0.4800000000000001, 0.059999999999999776, 0.46000000000000013]
[1, 0, 2],150,3500,493,[0.059999999999999776, 0.8800000000000004, 0.059999999999999776]
[0, 1, 2],150,4000,436,[0.8800000000000004, 0.059999999999999776, 0.059999999999999776]
[0, 2, 1],150,4000,456,[0.4800000000000001, 0.059999999999999776, 0.46000000000000013]
[1, 0, 2],150,4000,439,[0.059999999999999776, 0.8800000000000004, 0.059999999999999776]
[0, 1, 2],175,100,177,[0.6400000000000002, 0.2999999999999999, 0.05999999999999989]
[0, 2, 1],175,100,173,[0.8800000000000004, 0.059999999999999776, 0.059999999999999776]
[1, 0, 2],175,100,165,[0.059999999999999776, 0.8800000000000004, 0.059999999999999776]
[0, 1, 2],175,200,360,[0.8800000000000004, 0.059999999999999776, 0.059999999999999776]
[0, 2, 1],175,200,288,[0.8800000000000004, 0.059999999999999776, 0.059999999999999776]
[1, 0, 2],175,200,297,[0.059999999999999776, 0.8800000000000004, 0.059999999999999776]
[0, 1, 2],175,500,309,[0.8800000000000004, 0.059999999999999776, 0.059999999999999776]
[0, 2, 1],175,500,312,[0.8800000000000004, 0.059999999999999776, 0.059999999999999776]
[1, 0, 2],175,500,315,[0.059999999999999776, 0.8800000000000004, 0.059999999999999776]
[0, 1, 2],175,1000,305,[0.8800000000000004, 0.059999999999999776, 0.059999999999999776]
[0, 2, 1],175,1000,320,[0.8800000000000004, 0.059999999999999776, 0.059999999999999776]
[1, 0, 2],175,1000,316,[0.059999999999999776, 0.8800000000000004, 0.059999999999999776]
[0, 1, 2],175,1500,431,[0.8800000000000004, 0.059999999999999776, 0.059999999999999776]
[0, 2, 1],175,1500,430,[0.4800000000000001, 0.059999999999999776, 0.46000000000000013]
[1, 0, 2],175,1500,479,[0.059999999999999776, 0.8800000000000004, 0.059999999999999776]
[0, 1, 2],175,2000,486,[0.8800000000000004, 0.059999999999999776, 0.059999999999999776]
[0, 2, 1],175,2000,463,[0.4800000000000001, 0.059999999999999776, 0.46000000000000013]
[1, 0, 2],175,2000,301,[0.059999999999999776, 0.8800000000000004, 0.059999999999999776]
[0, 1, 2],175,2500,540,[0.4600000000000001, 0.4500000000000001, 0.0899999999999998]
[0, 2, 1],175,2500,539,[0.4800000000000001, 0.059999999999999776, 0.46000000000000013]
[1, 0, 2],175,2500,573,[0.059999999999999776, 0.8800000000000004, 0.059999999999999776]
[0, 1, 2],175,3000,514,[0.4800000000000001, 0.46000000000000013, 0.059999999999999776]
[0, 2, 1],175,3000,557,[0.4800000000000001, 0.059999999999999776, 0.46000000000000013]
[1, 0, 2],175,3000,512,[0.059999999999999776, 0.8800000000000004, 0.059999999999999776]
[0, 1, 2],175,3500,461,[0.8800000000000004, 0.059999999999999776, 0.059999999999999776]
[0, 2, 1],175,3500,477,[0.4800000000000001, 0.059999999999999776, 0.46000000000000013]
[1, 0, 2],175,3500,464,[0.059999999999999776, 0.8800000000000004, 0.059999999999999776]
[0, 1, 2],175,4000,440,[0.8800000000000004, 0.059999999999999776, 0.059999999999999776]
[0, 2, 1],175,4000,457,[0.4800000000000001, 0.059999999999999776, 0.46000000000000013]
[1, 0, 2],175,4000,431,[0.059999999999999776, 0.8800000000000004, 0.059999999999999776]
[0, 1, 2],200,100,166,[0.5600000000000002, 0.38, 0.05999999999999983]
[0, 2, 1],200,100,170,[0.8800000000000004, 0.059999999999999776, 0.059999999999999776]
[1, 0, 2],200,100,184,[0.46000000000000013, 0.4800000000000001, 0.059999999999999776]
[0, 1, 2],200,200,309,[0.8800000000000004, 0.059999999999999776, 0.059999999999999776]
[0, 2, 1],200,200,299,[0.8800000000000004, 0.059999999999999776, 0.059999999999999776]
[1, 0, 2],200,200,307,[0.059999999999999776, 0.8800000000000004, 0.059999999999999776]
[0, 1, 2],200,500,328,[0.8800000000000004, 0.059999999999999776, 0.059999999999999776]
[0, 2, 1],200,500,318,[0.8800000000000004, 0.059999999999999776, 0.059999999999999776]
[1, 0, 2],200,500,304,[0.059999999999999776, 0.8800000000000004, 0.059999999999999776]
[0, 1, 2],200,1000,330,[0.8800000000000004, 0.059999999999999776, 0.059999999999999776]
[0, 2, 1],200,1000,320,[0.8800000000000004, 0.059999999999999776, 0.059999999999999776]
[1, 0, 2],200,1000,340,[0.059999999999999776, 0.8800000000000004, 0.059999999999999776]
[0, 1, 2],200,1500,440,[0.4600000000000001, 0.4500000000000001, 0.0899999999999998]
[0, 2, 1],200,1500,430,[0.4800000000000001, 0.059999999999999776, 0.46000000000000013]
[1, 0, 2],200,1500,415,[0.059999999999999776, 0.8800000000000004, 0.059999999999999776]
[0, 1, 2],200,2000,460,[0.8800000000000004, 0.059999999999999776, 0.059999999999999776]
[0, 2, 1],200,2000,505,[0.4800000000000001, 0.059999999999999776, 0.46000000000000013]
[1, 0, 2],200,2000,440,[0.059999999999999776, 0.8800000000000004, 0.059999999999999776]
[0, 1, 2],200,2500,528,[0.4600000000000001, 0.4500000000000001, 0.0899999999999998]
[0, 2, 1],200,2500,516,[0.4800000000000001, 0.059999999999999776, 0.46000000000000013]
[1, 0, 2],200,2500,337,[0.059999999999999776, 0.8800000000000004, 0.059999999999999776]
[0, 1, 2],200,3000,418,[0.8800000000000004, 0.059999999999999776, 0.059999999999999776]
[0, 2, 1],200,3000,481,[0.4800000000000001, 0.059999999999999776, 0.46000000000000013]
[1, 0, 2],200,3000,511,[0.059999999999999776, 0.8800000000000004, 0.059999999999999776]
[0, 1, 2],200,3500,367,[0.8800000000000004, 0.059999999999999776, 0.059999999999999776]
[0, 2, 1],200,3500,395,[0.4800000000000001, 0.059999999999999776, 0.46000000000000013]
[1, 0, 2],200,3500,419,[0.059999999999999776, 0.8800000000000004, 0.059999999999999776]
[0, 1, 2],200,4000,489,[0.8800000000000004, 0.059999999999999776, 0.059999999999999776]
[0, 2, 1],200,4000,423,[0.4800000000000001, 0.059999999999999776, 0.46000000000000013]
[1, 0, 2],200,4000,437,[0.059999999999999776, 0.8800000000000004, 0.059999999999999776]
[0, 1, 2],225,100,183,[0.4800000000000001, 0.46000000000000013, 0.059999999999999776]
[0, 2, 1],225,100,181,[0.8800000000000004, 0.059999999999999776, 0.059999999999999776]
[1, 0, 2],225,100,164,[0.059999999999999776, 0.8800000000000004, 0.059999999999999776]
[0, 1, 2],225,200,323,[0.8800000000000004, 0.059999999999999776, 0.059999999999999776]
[0, 2, 1],225,200,301,[0.8800000000000004, 0.059999999999999776, 0.059999999999999776]
[1, 0, 2],225,200,287,[0.059999999999999776, 0.8800000000000004, 0.059999999999999776]
[0, 1, 2],225,500,308,[0.8800000000000004, 0.059999999999999776, 0.059999999999999776]
[0, 2, 1],225,500,321,[0.8800000000000004, 0.059999999999999776, 0.059999999999999776]
[1, 0, 2],225,500,301,[0.059999999999999776, 0.8800000000000004, 0.059999999999999776]
[0, 1, 2],225,1000,308,[0.8800000000000004, 0.059999999999999776, 0.059999999999999776]
[0, 2, 1],225,1000,247,[0.8800000000000004, 0.059999999999999776, 0.059999999999999776]
[1, 0, 2],225,1000,329,[0.059999999999999776, 0.8800000000000004, 0.059999999999999776]
[0, 1, 2],225,1500,417,[0.8800000000000004, 0.059999999999999776, 0.059999999999999776]
[0, 2, 1],225,1500,378,[0.8800000000000004, 0.059999999999999776, 0.059999999999999776]
[1, 0, 2],225,1500,424,[0.059999999999999776, 0.8800000000000004, 0.059999999999999776]
[0, 1, 2],225,2000,439,[0.8800000000000004, 0.059999999999999776, 0.059999999999999776]
[0, 2, 1],225,2000,438,[0.4800000000000001, 0.059999999999999776, 0.46000000000000013]
[1, 0, 2],225,2000,413,[0.059999999999999776, 0.8800000000000004, 0.059999999999999776]
[0, 1, 2],225,2500,478,[0.4600000000000001, 0.4500000000000001, 0.0899999999999998]
[0, 2, 1],225,2500,460,[0.4800000000000001, 0.059999999999999776, 0.46000000000000013]
[1, 0, 2],225,2500,468,[0.059999999999999776, 0.8800000000000004, 0.059999999999999776]
[0, 1, 2],225,3000,446,[0.8800000000000004, 0.059999999999999776, 0.059999999999999776]
[0, 2, 1],225,3000,383,[0.8800000000000004, 0.059999999999999776, 0.059999999999999776]
[1, 0, 2],225,3000,292,[0.059999999999999776, 0.8800000000000004, 0.059999999999999776]
[0, 1, 2],225,3500,418,[0.8800000000000004, 0.059999999999999776, 0.059999999999999776]
[0, 2, 1],225,3500,299,[0.8800000000000004, 0.059999999999999776, 0.059999999999999776]
[1, 0, 2],225,3500,262,[0.059999999999999776, 0.8800000000000004, 0.059999999999999776]
[0, 1, 2],225,4000,419,[0.8800000000000004, 0.059999999999999776, 0.059999999999999776]
[0, 2, 1],225,4000,400,[0.4800000000000001, 0.059999999999999776, 0.46000000000000013]
[1, 0, 2],225,4000,427,[0.059999999999999776, 0.8800000000000004, 0.059999999999999776]
[0, 1, 2],250,100,185,[0.8800000000000004, 0.059999999999999776, 0.059999999999999776]
[0, 2, 1],250,100,177,[0.8800000000000004, 0.059999999999999776, 0.059999999999999776]
[1, 0, 2],250,100,179,[0.059999999999999776, 0.8800000000000004, 0.059999999999999776]
[0, 1, 2],250,200,309,[0.8800000000000004, 0.059999999999999776, 0.059999999999999776]
[0, 2, 1],250,200,311,[0.8800000000000004, 0.059999999999999776, 0.059999999999999776]
[1, 0, 2],250,200,313,[0.059999999999999776, 0.8800000000000004, 0.059999999999999776]
[0, 1, 2],250,500,308,[0.8800000000000004, 0.059999999999999776, 0.059999999999999776]
[0, 2, 1],250,500,308,[0.8800000000000004, 0.059999999999999776, 0.059999999999999776]
[1, 0, 2],250,500,180,[0.059999999999999776, 0.8800000000000004, 0.059999999999999776]
[0, 1, 2],250,1000,257,[0.8800000000000004, 0.059999999999999776, 0.059999999999999776]
[0, 2, 1],250,1000,339,[0.8800000000000004, 0.059999999999999776, 0.059999999999999776]
[1, 0, 2],250,1000,330,[0.059999999999999776, 0.8800000000000004, 0.059999999999999776]
[0, 1, 2],250,1500,351,[0.8800000000000004, 0.059999999999999776, 0.059999999999999776]
[0, 2, 1],250,1500,353,[0.8800000000000004, 0.059999999999999776, 0.059999999999999776]
[1, 0, 2],250,1500,391,[0.059999999999999776, 0.8800000000000004, 0.059999999999999776]
[0, 1, 2],250,2000,440,[0.8800000000000004, 0.059999999999999776, 0.059999999999999776]
[0, 2, 1],250,2000,428,[0.4800000000000001, 0.059999999999999776, 0.46000000000000013]
[1, 0, 2],250,2000,431,[0.059999999999999776, 0.8800000000000004, 0.059999999999999776]
[0, 1, 2],250,2500,475,[0.8800000000000004, 0.059999999999999776, 0.059999999999999776]
[0, 2, 1],250,2500,441,[0.4800000000000001, 0.059999999999999776, 0.46000000000000013]
[1, 0, 2],250,2500,421,[0.059999999999999776, 0.8800000000000004, 0.059999999999999776]
[0, 1, 2],250,3000,414,[0.8800000000000004, 0.059999999999999776, 0.059999999999999776]
[0, 2, 1],250,3000,429,[0.4800000000000001, 0.059999999999999776, 0.46000000000000013]
[1, 0, 2],250,3000,375,[0.059999999999999776, 0.8800000000000004, 0.059999999999999776]
[0, 1, 2],250,3500,403,[0.8800000000000004, 0.059999999999999776, 0.059999999999999776]
[0, 2, 1],250,3500,432,[0.4800000000000001, 0.059999999999999776, 0.46000000000000013]
[1, 0, 2],250,3500,422,[0.059999999999999776, 0.8800000000000004, 0.059999999999999776]
[0, 1, 2],250,4000,408,[0.8800000000000004, 0.059999999999999776, 0.059999999999999776]
[0, 2, 1],250,4000,442,[0.4800000000000001, 0.059999999999999776, 0.46000000000000013]
[1, 0, 2],250,4000,394,[0.059999999999999776, 0.8800000000000004, 0.059999999999999776]
[0, 1, 2],275,100,170,[0.6400000000000002, 0.2999999999999999, 0.05999999999999989]
[0, 2, 1],275,100,169,[0.8800000000000004, 0.059999999999999776, 0.059999999999999776]
[1, 0, 2],275,100,174,[0.46000000000000013, 0.4800000000000001, 0.059999999999999776]
[0, 1, 2],275,200,308,[0.4800000000000001, 0.46000000000000013, 0.059999999999999776]
[0, 2, 1],275,200,256,[0.8800000000000004, 0.059999999999999776, 0.059999999999999776]
[1, 0, 2],275,200,272,[0.059999999999999776, 0.8800000000000004, 0.059999999999999776]
[0, 1, 2],275,500,264,[0.4800000000000001, 0.46000000000000013, 0.059999999999999776]
[0, 2, 1],275,500,266,[0.8800000000000004, 0.059999999999999776, 0.059999999999999776]
[1, 0, 2],275,500,275,[0.059999999999999776, 0.8800000000000004, 0.059999999999999776]
[0, 1, 2],275,1000,292,[0.4800000000000001, 0.46000000000000013, 0.059999999999999776]
[0, 2, 1],275,1000,273,[0.8800000000000004, 0.059999999999999776, 0.059999999999999776]
[1, 0, 2],275,1000,288,[0.059999999999999776, 0.8800000000000004, 0.059999999999999776]
[0, 1, 2],275,1500,376,[0.8800000000000004, 0.059999999999999776, 0.059999999999999776]
[0, 2, 1],275,1500,646,[0.4800000000000001, 0.059999999999999776, 0.46000000000000013]
[1, 0, 2],275,1500,338,[0.059999999999999776, 0.8800000000000004, 0.059999999999999776]
[0, 1, 2],275,2000,187,[0.8800000000000004, 0.059999999999999776, 0.059999999999999776]
[0, 2, 1],275,2000,440,[0.4800000000000001, 0.059999999999999776, 0.46000000000000013]
[1, 0, 2],275,2000,382,[0.059999999999999776, 0.8800000000000004, 0.059999999999999776]
[0, 1, 2],275,2500,491,[0.8800000000000004, 0.059999999999999776, 0.059999999999999776]
[0, 2, 1],275,2500,435,[0.4800000000000001, 0.059999999999999776, 0.46000000000000013]
[1, 0, 2],275,2500,424,[0.059999999999999776, 0.8800000000000004, 0.059999999999999776]
[0, 1, 2],275,3000,380,[0.8800000000000004, 0.059999999999999776, 0.059999999999999776]
[0, 2, 1],275,3000,399,[0.4800000000000001, 0.059999999999999776, 0.46000000000000013]
[1, 0, 2],275,3000,422,[0.059999999999999776, 0.8800000000000004, 0.059999999999999776]
[0, 1, 2],275,3500,377,[0.8800000000000004, 0.059999999999999776, 0.059999999999999776]
[0, 2, 1],275,3500,410,[0.4800000000000001, 0.059999999999999776, 0.46000000000000013]
[1, 0, 2],275,3500,369,[0.059999999999999776, 0.8800000000000004, 0.059999999999999776]
[0, 1, 2],275,4000,461,[0.8800000000000004, 0.059999999999999776, 0.059999999999999776]
[0, 2, 1],275,4000,433,[0.4800000000000001, 0.059999999999999776, 0.46000000000000013]
[1, 0, 2],275,4000,389,[0.059999999999999776, 0.8800000000000004, 0.059999999999999776]
[0, 1, 2],300,100,139,[0.6400000000000002, 0.2999999999999999, 0.05999999999999989]
[0, 2, 1],300,100,137,[0.8800000000000004, 0.059999999999999776, 0.059999999999999776]
[1, 0, 2],300,100,143,[0.2999999999999999, 0.6400000000000002, 0.05999999999999989]
[0, 1, 2],300,200,248,[0.4800000000000001, 0.46000000000000013, 0.059999999999999776]
[0, 2, 1],300,200,260,[0.8800000000000004, 0.059999999999999776, 0.059999999999999776]
[1, 0, 2],300,200,244,[0.059999999999999776, 0.8800000000000004, 0.059999999999999776]
[0, 1, 2],300,500,242,[0.8800000000000004, 0.059999999999999776, 0.059999999999999776]
[0, 2, 1],300,500,222,[0.8800000000000004, 0.059999999999999776, 0.059999999999999776]
[1, 0, 2],300,500,232,[0.059999999999999776, 0.8800000000000004, 0.059999999999999776]
[0, 1, 2],300,1000,226,[0.4800000000000001, 0.46000000000000013, 0.059999999999999776]
[0, 2, 1],300,1000,248,[0.8800000000000004, 0.059999999999999776, 0.059999999999999776]
[1, 0, 2],300,1000,250,[0.059999999999999776, 0.8800000000000004, 0.059999999999999776]
[0, 1, 2],300,1500,378,[0.8800000000000004, 0.059999999999999776, 0.059999999999999776]
[0, 2, 1],300,1500,373,[0.8800000000000004, 0.059999999999999776, 0.059999999999999776]
[1, 0, 2],300,1500,343,[0.059999999999999776, 0.8800000000000004, 0.059999999999999776]
[0, 1, 2],300,2000,461,[0.8800000000000004, 0.059999999999999776, 0.059999999999999776]
[0, 2, 1],300,2000,394,[0.4800000000000001, 0.059999999999999776, 0.46000000000000013]
[1, 0, 2],300,2000,387,[0.059999999999999776, 0.8800000000000004, 0.059999999999999776]
[0, 1, 2],300,2500,391,[0.8800000000000004, 0.059999999999999776, 0.059999999999999776]
[0, 2, 1],300,2500,439,[0.4800000000000001, 0.059999999999999776, 0.46000000000000013]
[1, 0, 2],300,2500,412,[0.059999999999999776, 0.8800000000000004, 0.059999999999999776]
[0, 1, 2],300,3000,401,[0.8800000000000004, 0.059999999999999776, 0.059999999999999776]
[0, 2, 1],300,3000,393,[0.4800000000000001, 0.059999999999999776, 0.46000000000000013]
[1, 0, 2],300,3000,353,[0.059999999999999776, 0.8800000000000004, 0.059999999999999776]
[0, 1, 2],300,3500,429,[0.8800000000000004, 0.059999999999999776, 0.059999999999999776]
[0, 2, 1],300,3500,407,[0.4800000000000001, 0.059999999999999776, 0.46000000000000013]
[1, 0, 2],300,3500,388,[0.059999999999999776, 0.8800000000000004, 0.059999999999999776]
[0, 1, 2],300,4000,348,[0.8800000000000004, 0.059999999999999776, 0.059999999999999776]
[0, 2, 1],300,4000,292,[0.8800000000000004, 0.059999999999999776, 0.059999999999999776]
[1, 0, 2],300,4000,326,[0.059999999999999776, 0.8800000000000004, 0.059999999999999776]
[0, 1, 2],325,100,138,[0.6400000000000002, 0.2999999999999999, 0.05999999999999989]
[0, 2, 1],325,100,146,[0.8800000000000004, 0.059999999999999776, 0.059999999999999776]
[1, 0, 2],325,100,135,[0.38, 0.5600000000000002, 0.05999999999999983]
[0, 1, 2],325,200,250,[0.4800000000000001, 0.46000000000000013, 0.059999999999999776]
[0, 2, 1],325,200,240,[0.8800000000000004, 0.059999999999999776, 0.059999999999999776]
[1, 0, 2],325,200,248,[0.059999999999999776, 0.8800000000000004, 0.059999999999999776]
[0, 1, 2],325,500,233,[0.4800000000000001, 0.46000000000000013, 0.059999999999999776]
[0, 2, 1],325,500,238,[0.8800000000000004, 0.059999999999999776, 0.059999999999999776]
[1, 0, 2],325,500,244,[0.059999999999999776, 0.8800000000000004, 0.059999999999999776]
[0, 1, 2],325,1000,235,[0.4800000000000001, 0.46000000000000013, 0.059999999999999776]
[0, 2, 1],325,1000,239,[0.8800000000000004, 0.059999999999999776, 0.059999999999999776]
[1, 0, 2],325,1000,241,[0.059999999999999776, 0.8800000000000004, 0.059999999999999776]
[0, 1, 2],325,1500,368,[0.8800000000000004, 0.059999999999999776, 0.059999999999999776]
[0, 2, 1],325,1500,354,[0.8800000000000004, 0.059999999999999776, 0.059999999999999776]
[1, 0, 2],325,1500,351,[0.059999999999999776, 0.8800000000000004, 0.059999999999999776]
[0, 1, 2],325,2000,372,[0.8800000000000004, 0.059999999999999776, 0.059999999999999776]
[0, 2, 1],325,2000,400,[0.4800000000000001, 0.059999999999999776, 0.46000000000000013]
[1, 0, 2],325,2000,361,[0.059999999999999776, 0.8800000000000004, 0.059999999999999776]
[0, 1, 2],325,2500,408,[0.8800000000000004, 0.059999999999999776, 0.059999999999999776]
[0, 2, 1],325,2500,405,[0.4800000000000001, 0.059999999999999776, 0.46000000000000013]
[1, 0, 2],325,2500,283,[0.059999999999999776, 0.8800000000000004, 0.059999999999999776]
[0, 1, 2],325,3000,292,[0.8800000000000004, 0.059999999999999776, 0.059999999999999776]
[0, 2, 1],325,3000,235,[0.8800000000000004, 0.059999999999999776, 0.059999999999999776]
[1, 0, 2],325,3000,396,[0.059999999999999776, 0.8800000000000004, 0.059999999999999776]
[0, 1, 2],325,3500,353,[0.8800000000000004, 0.059999999999999776, 0.059999999999999776]
[0, 2, 1],325,3500,367,[0.8800000000000004, 0.059999999999999776, 0.059999999999999776]
[1, 0, 2],325,3500,302,[0.059999999999999776, 0.8800000000000004, 0.059999999999999776]
[0, 1, 2],325,4000,389,[0.8800000000000004, 0.059999999999999776, 0.059999999999999776]
[0, 2, 1],325,4000,388,[0.4800000000000001, 0.059999999999999776, 0.46000000000000013]
[1, 0, 2],325,4000,347,[0.059999999999999776, 0.8800000000000004, 0.059999999999999776]
[0, 1, 2],350,100,145,[0.4800000000000001, 0.46000000000000013, 0.059999999999999776]
[0, 2, 1],350,100,153,[0.8800000000000004, 0.059999999999999776, 0.059999999999999776]
[1, 0, 2],350,100,136,[0.38, 0.5600000000000002, 0.05999999999999983]
[0, 1, 2],350,200,256,[0.8800000000000004, 0.059999999999999776, 0.059999999999999776]
[0, 2, 1],350,200,255,[0.8800000000000004, 0.059999999999999776, 0.059999999999999776]
[1, 0, 2],350,200,239,[0.059999999999999776, 0.8800000000000004, 0.059999999999999776]
[0, 1, 2],350,500,243,[0.4800000000000001, 0.46000000000000013, 0.059999999999999776]
[0, 2, 1],350,500,246,[0.8800000000000004, 0.059999999999999776, 0.059999999999999776]
[1, 0, 2],350,500,238,[0.059999999999999776, 0.8800000000000004, 0.059999999999999776]
[0, 1, 2],350,1000,223,[0.4800000000000001, 0.46000000000000013, 0.059999999999999776]
[0, 2, 1],350,1000,238,[0.8800000000000004, 0.059999999999999776, 0.059999999999999776]
[1, 0, 2],350,1000,259,[0.059999999999999776, 0.8800000000000004, 0.059999999999999776]
[0, 1, 2],350,1500,369,[0.8800000000000004, 0.059999999999999776, 0.059999999999999776]
[0, 2, 1],350,1500,296,[0.8800000000000004, 0.059999999999999776, 0.059999999999999776]
[1, 0, 2],350,1500,359,[0.059999999999999776, 0.8800000000000004, 0.059999999999999776]
[0, 1, 2],350,2000,439,[0.8800000000000004, 0.059999999999999776, 0.059999999999999776]
[0, 2, 1],350,2000,358,[0.8800000000000004, 0.059999999999999776, 0.059999999999999776]
[1, 0, 2],350,2000,372,[0.059999999999999776, 0.8800000000000004, 0.059999999999999776]
[0, 1, 2],350,2500,327,[0.8800000000000004, 0.059999999999999776, 0.059999999999999776]
[0, 2, 1],350,2500,388,[0.8800000000000004, 0.059999999999999776, 0.059999999999999776]
[1, 0, 2],350,2500,373,[0.059999999999999776, 0.8800000000000004, 0.059999999999999776]
[0, 1, 2],350,3000,342,[0.8800000000000004, 0.059999999999999776, 0.059999999999999776]
[0, 2, 1],350,3000,375,[0.8800000000000004, 0.059999999999999776, 0.059999999999999776]
[1, 0, 2],350,3000,384,[0.059999999999999776, 0.8800000000000004, 0.059999999999999776]
[0, 1, 2],350,3500,365,[0.8800000000000004, 0.059999999999999776, 0.059999999999999776]
[0, 2, 1],350,3500,367,[0.4800000000000001, 0.059999999999999776, 0.46000000000000013]
[1, 0, 2],350,3500,345,[0.059999999999999776, 0.8800000000000004, 0.059999999999999776]
[0, 1, 2],350,4000,338,[0.8800000000000004, 0.059999999999999776, 0.059999999999999776]
[0, 2, 1],350,4000,369,[0.8800000000000004, 0.059999999999999776, 0.059999999999999776]
[1, 0, 2],350,4000,357,[0.059999999999999776, 0.8800000000000004, 0.059999999999999776]
[0, 1, 2],375,100,138,[0.6400000000000002, 0.2999999999999999, 0.05999999999999989]
[0, 2, 1],375,100,147,[0.8800000000000004, 0.059999999999999776, 0.059999999999999776]
[1, 0, 2],375,100,139,[0.2999999999999999, 0.6400000000000002, 0.05999999999999989]
[0, 1, 2],375,200,234,[0.8800000000000004, 0.059999999999999776, 0.059999999999999776]
[0, 2, 1],375,200,246,[0.8800000000000004, 0.059999999999999776, 0.059999999999999776]
[1, 0, 2],375,200,242,[0.059999999999999776, 0.8800000000000004, 0.059999999999999776]
[0, 1, 2],375,500,238,[0.4800000000000001, 0.46000000000000013, 0.059999999999999776]
[0, 2, 1],375,500,245,[0.8800000000000004, 0.059999999999999776, 0.059999999999999776]
[1, 0, 2],375,500,156,[0.059999999999999776, 0.8800000000000004, 0.059999999999999776]
[0, 1, 2],375,1000,228,[0.8800000000000004, 0.059999999999999776, 0.059999999999999776]
[0, 2, 1],375,1000,255,[0.8800000000000004, 0.059999999999999776, 0.059999999999999776]
[1, 0, 2],375,1000,242,[0.059999999999999776, 0.8800000000000004, 0.059999999999999776]
[0, 1, 2],375,1500,373,[0.8800000000000004, 0.059999999999999776, 0.059999999999999776]
[0, 2, 1],375,1500,363,[0.8800000000000004, 0.059999999999999776, 0.059999999999999776]
[1, 0, 2],375,1500,331,[0.059999999999999776, 0.8800000000000004, 0.059999999999999776]
[0, 1, 2],375,2000,332,[0.8800000000000004, 0.059999999999999776, 0.059999999999999776]
[0, 2, 1],375,2000,457,[0.4800000000000001, 0.059999999999999776, 0.46000000000000013]
[1, 0, 2],375,2000,421,[0.059999999999999776, 0.8800000000000004, 0.059999999999999776]
[0, 1, 2],375,2500,397,[0.8800000000000004, 0.059999999999999776, 0.059999999999999776]
[0, 2, 1],375,2500,392,[0.4800000000000001, 0.059999999999999776, 0.46000000000000013]
[1, 0, 2],375,2500,363,[0.059999999999999776, 0.8800000000000004, 0.059999999999999776]
[0, 1, 2],375,3000,394,[0.8800000000000004, 0.059999999999999776, 0.059999999999999776]
[0, 2, 1],375,3000,368,[0.8800000000000004, 0.059999999999999776, 0.059999999999999776]
[1, 0, 2],375,3000,370,[0.059999999999999776, 0.8800000000000004, 0.059999999999999776]
[0, 1, 2],375,3500,422,[0.8800000000000004, 0.059999999999999776, 0.059999999999999776]
[0, 2, 1],375,3500,458,[0.4800000000000001, 0.059999999999999776, 0.46000000000000013]
[1, 0, 2],375,3500,344,[0.059999999999999776, 0.8800000000000004, 0.059999999999999776]
[0, 1, 2],375,4000,344,[0.8800000000000004, 0.059999999999999776, 0.059999999999999776]
[0, 2, 1],375,4000,411,[0.4800000000000001, 0.059999999999999776, 0.46000000000000013]
[1, 0, 2],375,4000,349,[0.059999999999999776, 0.8800000000000004, 0.059999999999999776]
[0, 1, 2],400,100,145,[0.6400000000000002, 0.2999999999999999, 0.05999999999999989]
[0, 2, 1],400,100,142,[0.8800000000000004, 0.059999999999999776, 0.059999999999999776]
[1, 0, 2],400,100,140,[0.2999999999999999, 0.6400000000000002, 0.05999999999999989]
[0, 1, 2],400,200,236,[0.4800000000000001, 0.46000000000000013, 0.059999999999999776]
[0, 2, 1],400,200,235,[0.8800000000000004, 0.059999999999999776, 0.059999999999999776]
[1, 0, 2],400,200,248,[0.059999999999999776, 0.8800000000000004, 0.059999999999999776]
[0, 1, 2],400,500,247,[0.4800000000000001, 0.46000000000000013, 0.059999999999999776]
[0, 2, 1],400,500,210,[0.8800000000000004, 0.059999999999999776, 0.059999999999999776]
[1, 0, 2],400,500,295,[0.059999999999999776, 0.8800000000000004, 0.059999999999999776]
[0, 1, 2],400,1000,244,[0.8800000000000004, 0.059999999999999776, 0.059999999999999776]
[0, 2, 1],400,1000,273,[0.8800000000000004, 0.059999999999999776, 0.059999999999999776]
[1, 0, 2],400,1000,247,[0.059999999999999776, 0.8800000000000004, 0.059999999999999776]
[0, 1, 2],400,1500,417,[0.8800000000000004, 0.059999999999999776, 0.059999999999999776]
[0, 2, 1],400,1500,339,[0.8800000000000004, 0.059999999999999776, 0.059999999999999776]
[1, 0, 2],400,1500,364,[0.059999999999999776, 0.8800000000000004, 0.059999999999999776]
[0, 1, 2],400,2000,372,[0.8800000000000004, 0.059999999999999776, 0.059999999999999776]
[0, 2, 1],400,2000,397,[0.4800000000000001, 0.059999999999999776, 0.46000000000000013]
[1, 0, 2],400,2000,375,[0.059999999999999776, 0.8800000000000004, 0.059999999999999776]
[0, 1, 2],400,2500,416,[0.8800000000000004, 0.059999999999999776, 0.059999999999999776]
[0, 2, 1],400,2500,413,[0.4800000000000001, 0.059999999999999776, 0.46000000000000013]
[1, 0, 2],400,2500,333,[0.059999999999999776, 0.8800000000000004, 0.059999999999999776]
[0, 1, 2],400,3000,397,[0.8800000000000004, 0.059999999999999776, 0.059999999999999776]
[0, 2, 1],400,3000,370,[0.8800000000000004, 0.059999999999999776, 0.059999999999999776]
[1, 0, 2],400,3000,366,[0.059999999999999776, 0.8800000000000004, 0.059999999999999776]
[0, 1, 2],400,3500,380,[0.8800000000000004, 0.059999999999999776, 0.059999999999999776]
[0, 2, 1],400,3500,355,[0.4800000000000001, 0.059999999999999776, 0.46000000000000013]
[1, 0, 2],400,3500,363,[0.059999999999999776, 0.8800000000000004, 0.059999999999999776]
[0, 1, 2],400,4000,337,[0.8800000000000004, 0.059999999999999776, 0.059999999999999776]
[0, 2, 1],400,4000,398,[0.4800000000000001, 0.059999999999999776, 0.46000000000000013]
[1, 0, 2],400,4000,316,[0.059999999999999776, 0.8800000000000004, 0.059999999999999776]
