350,[0.8800000000000004, 0.059999999999999776, 0.059999999999999776],5
335,[0.8800000000000004, 0.059999999999999776, 0.059999999999999776],10
354,[0.059999999999999776, 0.8800000000000004, 0.059999999999999776],100
353,[0.059999999999999776, 0.8800000000000004, 0.059999999999999776],100
345,[0.46000000000000013, 0.059999999999999776, 0.4800000000000001],0
380,[0.059999999999999776, 0.059999999999999776, 0.8800000000000004],15
352,[0.8800000000000004, 0.059999999999999776, 0.059999999999999776],50
283,[0.8800000000000004, 0.059999999999999776, 0.059999999999999776],5
429,[0.8800000000000004, 0.059999999999999776, 0.059999999999999776],30
379,[0.8800000000000004, 0.059999999999999776, 0.059999999999999776],10
329,[0.8800000000000004, 0.059999999999999776, 0.059999999999999776],5
269,[0.8800000000000004, 0.059999999999999776, 0.059999999999999776],40
265,[0.8800000000000004, 0.059999999999999776, 0.059999999999999776],15
281,[0.8800000000000004, 0.059999999999999776, 0.059999999999999776],85
225,[0.8800000000000004, 0.059999999999999776, 0.059999999999999776],90
394,[0.8800000000000004, 0.059999999999999776, 0.059999999999999776],20
788,[0.8800000000000004, 0.059999999999999776, 0.059999999999999776],30
340,[0.8800000000000004, 0.059999999999999776, 0.059999999999999776],10
481,[0.4800000000000001, 0.059999999999999776, 0.46000000000000013],0
509,[0.4800000000000001, 0.059999999999999776, 0.46000000000000013],0
511,[0.4800000000000001, 0.059999999999999776, 0.46000000000000013],0
454,[0.4800000000000001, 0.059999999999999776, 0.46000000000000013],5
