198,[0.8800000000000004, 0.059999999999999776, 0.059999999999999776],80
234,[0.8800000000000004, 0.059999999999999776, 0.059999999999999776],100
174,[0.059999999999999776, 0.8800000000000004, 0.059999999999999776],100
335,[0.4800000000000001, 0.46000000000000013, 0.059999999999999776],100
245,[0.8800000000000004, 0.059999999999999776, 0.059999999999999776],100
307,[0.059999999999999776, 0.8800000000000004, 0.059999999999999776],100
270,[0.8800000000000004, 0.059999999999999776, 0.059999999999999776],5
211,[0.8800000000000004, 0.059999999999999776, 0.059999999999999776],75
198,[0.059999999999999776, 0.8800000000000004, 0.059999999999999776],100
214,[0.8800000000000004, 0.059999999999999776, 0.059999999999999776],15
242,[0.8800000000000004, 0.059999999999999776, 0.059999999999999776],80
244,[0.059999999999999776, 0.8800000000000004, 0.059999999999999776],100
323,[0.8800000000000004, 0.059999999999999776, 0.059999999999999776],15
431,[0.4800000000000001, 0.059999999999999776, 0.46000000000000013],5
433,[0.059999999999999776, 0.8800000000000004, 0.059999999999999776],100
504,[0.8800000000000004, 0.059999999999999776, 0.059999999999999776],10
403,[0.4800000000000001, 0.059999999999999776, 0.46000000000000013],10
475,[0.059999999999999776, 0.8800000000000004, 0.059999999999999776],100
90,[0.8800000000000004, 0.059999999999999776, 0.059999999999999776],0
532,[0.4800000000000001, 0.059999999999999776, 0.46000000000000013],0
449,[0.059999999999999776, 0.8800000000000004, 0.059999999999999776],100
526,[0.4800000000000001, 0.46000000000000013, 0.059999999999999776],100
119,[0.8800000000000004, 0.059999999999999776, 0.059999999999999776],10
501,[0.059999999999999776, 0.8800000000000004, 0.059999999999999776],100
498,[0.4, 0.3, 0.3],55
467,[0.4800000000000001, 0.059999999999999776, 0.46000000000000013],15
422,[0.059999999999999776, 0.8800000000000004, 0.059999999999999776],100
510,[0.5600000000000002, 0.38, 0.05999999999999983],100
462,[0.4800000000000001, 0.059999999999999776, 0.46000000000000013],5
501,[0.059999999999999776, 0.8800000000000004, 0.059999999999999776],100
173,[0.8800000000000004, 0.059999999999999776, 0.059999999999999776],95
167,[0.8800000000000004, 0.059999999999999776, 0.059999999999999776],90
167,[0.059999999999999776, 0.8800000000000004, 0.059999999999999776],100
325,[0.4800000000000001, 0.46000000000000013, 0.059999999999999776],100
285,[0.8800000000000004, 0.059999999999999776, 0.059999999999999776],0
297,[0.059999999999999776, 0.8800000000000004, 0.059999999999999776],100
306,[0.4800000000000001, 0.46000000000000013, 0.059999999999999776],100
282,[0.8800000000000004, 0.059999999999999776, 0.059999999999999776],30
297,[0.059999999999999776, 0.8800000000000004, 0.059999999999999776],100
182,[0.8800000000000004, 0.059999999999999776, 0.059999999999999776],15
298,[0.8800000000000004, 0.059999999999999776, 0.059999999999999776],10
306,[0.059999999999999776, 0.8800000000000004, 0.059999999999999776],100
254,[0.8800000000000004, 0.059999999999999776, 0.059999999999999776],5
422,[0.4800000000000001, 0.059999999999999776, 0.46000000000000013],0
431,[0.059999999999999776, 0.8800000000000004, 0.059999999999999776],100
480,[0.8800000000000004, 0.059999999999999776, 0.059999999999999776],0
467,[0.4800000000000001, 0.059999999999999776, 0.46000000000000013],0
524,[0.059999999999999776, 0.8800000000000004, 0.059999999999999776],100
493,[0.4600000000000001, 0.4500000000000001, 0.0899999999999998],100
504,[0.4800000000000001, 0.059999999999999776, 0.46000000000000013],0
511,[0.059999999999999776, 0.8800000000000004, 0.059999999999999776],100
395,[0.8800000000000004, 0.059999999999999776, 0.059999999999999776],0
517,[0.4800000000000001, 0.059999999999999776, 0.46000000000000013],0
512,[0.059999999999999776, 0.8800000000000004, 0.059999999999999776],100
513,[0.4600000000000001, 0.4500000000000001, 0.0899999999999998],100
438,[0.4800000000000001, 0.059999999999999776, 0.46000000000000013],10
533,[0.059999999999999776, 0.8800000000000004, 0.059999999999999776],100
446,[0.8800000000000004, 0.059999999999999776, 0.059999999999999776],0
414,[0.4800000000000001, 0.059999999999999776, 0.46000000000000013],10
498,[0.059999999999999776, 0.8800000000000004, 0.059999999999999776],100
191,[0.8800000000000004, 0.059999999999999776, 0.059999999999999776],95
169,[0.8800000000000004, 0.059999999999999776, 0.059999999999999776],100
163,[0.2999999999999999, 0.6400000000000002, 0.05999999999999989],100
328,[0.8800000000000004, 0.059999999999999776, 0.059999999999999776],10
304,[0.8800000000000004, 0.059999999999999776, 0.059999999999999776],5
276,[0.059999999999999776, 0.8800000000000004, 0.059999999999999776],100
316,[0.8800000000000004, 0.059999999999999776, 0.059999999999999776],5
316,[0.8800000000000004, 0.059999999999999776, 0.059999999999999776],5
302,[0.059999999999999776, 0.8800000000000004, 0.059999999999999776],100
287,[0.8800000000000004, 0.059999999999999776, 0.059999999999999776],5
257,[0.8800000000000004, 0.059999999999999776, 0.059999999999999776],0
282,[0.059999999999999776, 0.8800000000000004, 0.059999999999999776],100
422,[0.8800000000000004, 0.059999999999999776, 0.059999999999999776],0
427,[0.8800000000000004, 0.059999999999999776, 0.059999999999999776],0
254,[0.059999999999999776, 0.8800000000000004, 0.059999999999999776],100
466,[0.8800000000000004, 0.059999999999999776, 0.059999999999999776],0
481,[0.4800000000000001, 0.059999999999999776, 0.46000000000000013],5
459,[0.059999999999999776, 0.8800000000000004, 0.059999999999999776],100
515,[0.8800000000000004, 0.059999999999999776, 0.059999999999999776],0
542,[0.4800000000000001, 0.059999999999999776, 0.46000000000000013],5
504,[0.059999999999999776, 0.8800000000000004, 0.059999999999999776],100
521,[0.8800000000000004, 0.059999999999999776, 0.059999999999999776],0
432,[0.4800000000000001, 0.059999999999999776, 0.46000000000000013],0
519,[0.059999999999999776, 0.8800000000000004, 0.059999999999999776],100
520,[0.4600000000000001, 0.4500000000000001, 0.0899999999999998],90
477,[0.4800000000000001, 0.059999999999999776, 0.46000000000000013],0
541,[0.059999999999999776, 0.8800000000000004, 0.059999999999999776],100
450,[0.8800000000000004, 0.059999999999999776, 0.059999999999999776],0
459,[0.4800000000000001, 0.059999999999999776, 0.46000000000000013],10
461,[0.059999999999999776, 0.8800000000000004, 0.059999999999999776],100
198,[0.8800000000000004, 0.059999999999999776, 0.059999999999999776],90
179,[0.8800000000000004, 0.059999999999999776, 0.059999999999999776],100
182,[0.059999999999999776, 0.8800000000000004, 0.059999999999999776],100
329,[0.8800000000000004, 0.059999999999999776, 0.059999999999999776],5
268,[0.8800000000000004, 0.059999999999999776, 0.059999999999999776],0
290,[0.059999999999999776, 0.8800000000000004, 0.059999999999999776],100
300,[0.8800000000000004, 0.059999999999999776, 0.059999999999999776],0
318,[0.8800000000000004, 0.059999999999999776, 0.059999999999999776],55
316,[0.059999999999999776, 0.8800000000000004, 0.059999999999999776],100
238,[0.8800000000000004, 0.059999999999999776, 0.059999999999999776],0
309,[0.8800000000000004, 0.059999999999999776, 0.059999999999999776],0
327,[0.059999999999999776, 0.8800000000000004, 0.059999999999999776],100
308,[0.8800000000000004, 0.059999999999999776, 0.059999999999999776],0
364,[0.4800000000000001, 0.059999999999999776, 0.46000000000000013],0
415,[0.059999999999999776, 0.8800000000000004, 0.059999999999999776],100
428,[0.8800000000000004, 0.059999999999999776, 0.059999999999999776],0
486,[0.4800000000000001, 0.059999999999999776, 0.46000000000000013],0
484,[0.059999999999999776, 0.8800000000000004, 0.059999999999999776],100
524,[0.4800000000000001, 0.46000000000000013, 0.059999999999999776],100
610,[0.4800000000000001, 0.059999999999999776, 0.46000000000000013],10
520,[0.059999999999999776, 0.8800000000000004, 0.059999999999999776],100
530,[0.4800000000000001, 0.46000000000000013, 0.059999999999999776],100
539,[0.4800000000000001, 0.059999999999999776, 0.46000000000000013],10
438,[0.059999999999999776, 0.8800000000000004, 0.059999999999999776],100
504,[0.4800000000000001, 0.46000000000000013, 0.059999999999999776],100
389,[0.4800000000000001, 0.059999999999999776, 0.46000000000000013],0
490,[0.059999999999999776, 0.8800000000000004, 0.059999999999999776],100
622,[0.4, 0.38000000000000006, 0.21999999999999992],80
472,[0.4800000000000001, 0.059999999999999776, 0.46000000000000013],5
464,[0.059999999999999776, 0.8800000000000004, 0.059999999999999776],100
193,[0.5600000000000002, 0.38, 0.05999999999999983],100
180,[0.8800000000000004, 0.059999999999999776, 0.059999999999999776],100
195,[0.059999999999999776, 0.8800000000000004, 0.059999999999999776],100
320,[0.8800000000000004, 0.059999999999999776, 0.059999999999999776],25
329,[0.8800000000000004, 0.059999999999999776, 0.059999999999999776],10
315,[0.059999999999999776, 0.8800000000000004, 0.059999999999999776],100
323,[0.8800000000000004, 0.059999999999999776, 0.059999999999999776],15
328,[0.8800000000000004, 0.059999999999999776, 0.059999999999999776],5
264,[0.059999999999999776, 0.8800000000000004, 0.059999999999999776],100
328,[0.8800000000000004, 0.059999999999999776, 0.059999999999999776],0
318,[0.8800000000000004, 0.059999999999999776, 0.059999999999999776],10
304,[0.059999999999999776, 0.8800000000000004, 0.059999999999999776],100
419,[0.8800000000000004, 0.059999999999999776, 0.059999999999999776],0
417,[0.4800000000000001, 0.059999999999999776, 0.46000000000000013],5
444,[0.059999999999999776, 0.8800000000000004, 0.059999999999999776],100
434,[0.8800000000000004, 0.059999999999999776, 0.059999999999999776],0
506,[0.4800000000000001, 0.059999999999999776, 0.46000000000000013],0
572,[0.059999999999999776, 0.8800000000000004, 0.059999999999999776],100
546,[0.8800000000000004, 0.059999999999999776, 0.059999999999999776],5
574,[0.4800000000000001, 0.059999999999999776, 0.46000000000000013],5
488,[0.059999999999999776, 0.8800000000000004, 0.059999999999999776],100
481,[0.8800000000000004, 0.059999999999999776, 0.059999999999999776],0
480,[0.4800000000000001, 0.059999999999999776, 0.46000000000000013],0
546,[0.059999999999999776, 0.8800000000000004, 0.059999999999999776],100
564,[0.4600000000000001, 0.4500000000000001, 0.0899999999999998],100
472,[0.4800000000000001, 0.059999999999999776, 0.46000000000000013],0
524,[0.059999999999999776, 0.8800000000000004, 0.059999999999999776],100
514,[0.8800000000000004, 0.059999999999999776, 0.059999999999999776],0
494,[0.4800000000000001, 0.059999999999999776, 0.46000000000000013],15
424,[0.059999999999999776, 0.8800000000000004, 0.059999999999999776],100
191,[0.8800000000000004, 0.059999999999999776, 0.059999999999999776],95
202,[0.8800000000000004, 0.059999999999999776, 0.059999999999999776],65
196,[0.2999999999999999, 0.6400000000000002, 0.05999999999999989],100
332,[0.8800000000000004, 0.059999999999999776, 0.059999999999999776],60
315,[0.8800000000000004, 0.059999999999999776, 0.059999999999999776],15
304,[0.059999999999999776, 0.8800000000000004, 0.059999999999999776],100
311,[0.8800000000000004, 0.059999999999999776, 0.059999999999999776],0
287,[0.8800000000000004, 0.059999999999999776, 0.059999999999999776],10
314,[0.059999999999999776, 0.8800000000000004, 0.059999999999999776],100
321,[0.8800000000000004, 0.059999999999999776, 0.059999999999999776],15
325,[0.8800000000000004, 0.059999999999999776, 0.059999999999999776],0
321,[0.059999999999999776, 0.8800000000000004, 0.059999999999999776],100
432,[0.8800000000000004, 0.059999999999999776, 0.059999999999999776],5
488,[0.4800000000000001, 0.059999999999999776, 0.46000000000000013],10
465,[0.059999999999999776, 0.8800000000000004, 0.059999999999999776],100
494,[0.8800000000000004, 0.059999999999999776, 0.059999999999999776],5
411,[0.4800000000000001, 0.059999999999999776, 0.46000000000000013],5
529,[0.059999999999999776, 0.8800000000000004, 0.059999999999999776],100
337,[0.8800000000000004, 0.059999999999999776, 0.059999999999999776],0
524,[0.4800000000000001, 0.059999999999999776, 0.46000000000000013],0
542,[0.059999999999999776, 0.8800000000000004, 0.059999999999999776],100
513,[0.4600000000000001, 0.4500000000000001, 0.0899999999999998],95
518,[0.4800000000000001, 0.059999999999999776, 0.46000000000000013],0
546,[0.059999999999999776, 0.8800000000000004, 0.059999999999999776],100
502,[0.4800000000000001, 0.46000000000000013, 0.059999999999999776],100
498,[0.4800000000000001, 0.059999999999999776, 0.46000000000000013],0
493,[0.059999999999999776, 0.8800000000000004, 0.059999999999999776],100
436,[0.8800000000000004, 0.059999999999999776, 0.059999999999999776],0
456,[0.4800000000000001, 0.059999999999999776, 0.46000000000000013],0
439,[0.059999999999999776, 0.8800000000000004, 0.059999999999999776],100
177,[0.6400000000000002, 0.2999999999999999, 0.05999999999999989],100
173,[0.8800000000000004, 0.059999999999999776, 0.059999999999999776],95
165,[0.059999999999999776, 0.8800000000000004, 0.059999999999999776],100
360,[0.8800000000000004, 0.059999999999999776, 0.059999999999999776],5
288,[0.8800000000000004, 0.059999999999999776, 0.059999999999999776],20
297,[0.059999999999999776, 0.8800000000000004, 0.059999999999999776],100
309,[0.8800000000000004, 0.059999999999999776, 0.059999999999999776],10
312,[0.8800000000000004, 0.059999999999999776, 0.059999999999999776],5
315,[0.059999999999999776, 0.8800000000000004, 0.059999999999999776],100
305,[0.8800000000000004, 0.059999999999999776, 0.059999999999999776],40
320,[0.8800000000000004, 0.059999999999999776, 0.059999999999999776],35
316,[0.059999999999999776, 0.8800000000000004, 0.059999999999999776],100
431,[0.8800000000000004, 0.059999999999999776, 0.059999999999999776],0
430,[0.4800000000000001, 0.059999999999999776, 0.46000000000000013],0
479,[0.059999999999999776, 0.8800000000000004, 0.059999999999999776],100
486,[0.8800000000000004, 0.059999999999999776, 0.059999999999999776],0
463,[0.4800000000000001, 0.059999999999999776, 0.46000000000000013],0
301,[0.059999999999999776, 0.8800000000000004, 0.059999999999999776],100
540,[0.4600000000000001, 0.4500000000000001, 0.0899999999999998],100
539,[0.4800000000000001, 0.059999999999999776, 0.46000000000000013],0
573,[0.059999999999999776, 0.8800000000000004, 0.059999999999999776],100
514,[0.4800000000000001, 0.46000000000000013, 0.059999999999999776],100
557,[0.4800000000000001, 0.059999999999999776, 0.46000000000000013],15
512,[0.059999999999999776, 0.8800000000000004, 0.059999999999999776],100
461,[0.8800000000000004, 0.059999999999999776, 0.059999999999999776],5
477,[0.4800000000000001, 0.059999999999999776, 0.46000000000000013],0
464,[0.059999999999999776, 0.8800000000000004, 0.059999999999999776],100
440,[0.8800000000000004, 0.059999999999999776, 0.059999999999999776],5
457,[0.4800000000000001, 0.059999999999999776, 0.46000000000000013],5
431,[0.059999999999999776, 0.8800000000000004, 0.059999999999999776],100
166,[0.5600000000000002, 0.38, 0.05999999999999983],100
170,[0.8800000000000004, 0.059999999999999776, 0.059999999999999776],95
184,[0.46000000000000013, 0.4800000000000001, 0.059999999999999776],100
309,[0.8800000000000004, 0.059999999999999776, 0.059999999999999776],25
299,[0.8800000000000004, 0.059999999999999776, 0.059999999999999776],0
307,[0.059999999999999776, 0.8800000000000004, 0.059999999999999776],100
328,[0.8800000000000004, 0.059999999999999776, 0.059999999999999776],10
318,[0.8800000000000004, 0.059999999999999776, 0.059999999999999776],10
304,[0.059999999999999776, 0.8800000000000004, 0.059999999999999776],100
330,[0.8800000000000004, 0.059999999999999776, 0.059999999999999776],5
320,[0.8800000000000004, 0.059999999999999776, 0.059999999999999776],65
340,[0.059999999999999776, 0.8800000000000004, 0.059999999999999776],100
440,[0.4600000000000001, 0.4500000000000001, 0.0899999999999998],95
430,[0.4800000000000001, 0.059999999999999776, 0.46000000000000013],5
415,[0.059999999999999776, 0.8800000000000004, 0.059999999999999776],100
460,[0.8800000000000004, 0.059999999999999776, 0.059999999999999776],5
505,[0.4800000000000001, 0.059999999999999776, 0.46000000000000013],10
440,[0.059999999999999776, 0.8800000000000004, 0.059999999999999776],100
528,[0.4600000000000001, 0.4500000000000001, 0.0899999999999998],100
516,[0.4800000000000001, 0.059999999999999776, 0.46000000000000013],10
337,[0.059999999999999776, 0.8800000000000004, 0.059999999999999776],100
418,[0.8800000000000004, 0.059999999999999776, 0.059999999999999776],0
481,[0.4800000000000001, 0.059999999999999776, 0.46000000000000013],0
511,[0.059999999999999776, 0.8800000000000004, 0.059999999999999776],100
367,[0.8800000000000004, 0.059999999999999776, 0.059999999999999776],10
395,[0.4800000000000001, 0.059999999999999776, 0.46000000000000013],0
419,[0.059999999999999776, 0.8800000000000004, 0.059999999999999776],100
489,[0.8800000000000004, 0.059999999999999776, 0.059999999999999776],15
423,[0.4800000000000001, 0.059999999999999776, 0.46000000000000013],15
437,[0.059999999999999776, 0.8800000000000004, 0.059999999999999776],100
183,[0.4800000000000001, 0.46000000000000013, 0.059999999999999776],100
181,[0.8800000000000004, 0.059999999999999776, 0.059999999999999776],100
164,[0.059999999999999776, 0.8800000000000004, 0.059999999999999776],100
323,[0.8800000000000004, 0.059999999999999776, 0.059999999999999776],15
301,[0.8800000000000004, 0.059999999999999776, 0.059999999999999776],15
287,[0.059999999999999776, 0.8800000000000004, 0.059999999999999776],100
308,[0.8800000000000004, 0.059999999999999776, 0.059999999999999776],0
321,[0.8800000000000004, 0.059999999999999776, 0.059999999999999776],0
301,[0.059999999999999776, 0.8800000000000004, 0.059999999999999776],100
308,[0.8800000000000004, 0.059999999999999776, 0.059999999999999776],0
247,[0.8800000000000004, 0.059999999999999776, 0.059999999999999776],0
329,[0.059999999999999776, 0.8800000000000004, 0.059999999999999776],100
417,[0.8800000000000004, 0.059999999999999776, 0.059999999999999776],0
378,[0.8800000000000004, 0.059999999999999776, 0.059999999999999776],0
424,[0.059999999999999776, 0.8800000000000004, 0.059999999999999776],100
439,[0.8800000000000004, 0.059999999999999776, 0.059999999999999776],10
438,[0.4800000000000001, 0.059999999999999776, 0.46000000000000013],0
413,[0.059999999999999776, 0.8800000000000004, 0.059999999999999776],100
478,[0.4600000000000001, 0.4500000000000001, 0.0899999999999998],100
460,[0.4800000000000001, 0.059999999999999776, 0.46000000000000013],5
468,[0.059999999999999776, 0.8800000000000004, 0.059999999999999776],100
446,[0.8800000000000004, 0.059999999999999776, 0.059999999999999776],5
383,[0.8800000000000004, 0.059999999999999776, 0.059999999999999776],5
292,[0.059999999999999776, 0.8800000000000004, 0.059999999999999776],100
418,[0.8800000000000004, 0.059999999999999776, 0.059999999999999776],0
299,[0.8800000000000004, 0.059999999999999776, 0.059999999999999776],15
262,[0.059999999999999776, 0.8800000000000004, 0.059999999999999776],100
419,[0.8800000000000004, 0.059999999999999776, 0.059999999999999776],10
400,[0.4800000000000001, 0.059999999999999776, 0.46000000000000013],0
427,[0.059999999999999776, 0.8800000000000004, 0.059999999999999776],100
185,[0.8800000000000004, 0.059999999999999776, 0.059999999999999776],90
177,[0.8800000000000004, 0.059999999999999776, 0.059999999999999776],90
179,[0.059999999999999776, 0.8800000000000004, 0.059999999999999776],100
309,[0.8800000000000004, 0.059999999999999776, 0.059999999999999776],15
311,[0.8800000000000004, 0.059999999999999776, 0.059999999999999776],0
313,[0.059999999999999776, 0.8800000000000004, 0.059999999999999776],100
308,[0.8800000000000004, 0.059999999999999776, 0.059999999999999776],15
308,[0.8800000000000004, 0.059999999999999776, 0.059999999999999776],15
180,[0.059999999999999776, 0.8800000000000004, 0.059999999999999776],100
257,[0.8800000000000004, 0.059999999999999776, 0.059999999999999776],15
339,[0.8800000000000004, 0.059999999999999776, 0.059999999999999776],70
330,[0.059999999999999776, 0.8800000000000004, 0.059999999999999776],100
351,[0.8800000000000004, 0.059999999999999776, 0.059999999999999776],0
353,[0.8800000000000004, 0.059999999999999776, 0.059999999999999776],0
391,[0.059999999999999776, 0.8800000000000004, 0.059999999999999776],100
440,[0.8800000000000004, 0.059999999999999776, 0.059999999999999776],0
428,[0.4800000000000001, 0.059999999999999776, 0.46000000000000013],5
431,[0.059999999999999776, 0.8800000000000004, 0.059999999999999776],100
475,[0.8800000000000004, 0.059999999999999776, 0.059999999999999776],5
441,[0.4800000000000001, 0.059999999999999776, 0.46000000000000013],0
421,[0.059999999999999776, 0.8800000000000004, 0.059999999999999776],100
414,[0.8800000000000004, 0.059999999999999776, 0.059999999999999776],0
429,[0.4800000000000001, 0.059999999999999776, 0.46000000000000013],5
375,[0.059999999999999776, 0.8800000000000004, 0.059999999999999776],100
403,[0.8800000000000004, 0.059999999999999776, 0.059999999999999776],0
432,[0.4800000000000001, 0.059999999999999776, 0.46000000000000013],15
422,[0.059999999999999776, 0.8800000000000004, 0.059999999999999776],100
408,[0.8800000000000004, 0.059999999999999776, 0.059999999999999776],20
442,[0.4800000000000001, 0.059999999999999776, 0.46000000000000013],0
394,[0.059999999999999776, 0.8800000000000004, 0.059999999999999776],100
170,[0.6400000000000002, 0.2999999999999999, 0.05999999999999989],100
169,[0.8800000000000004, 0.059999999999999776, 0.059999999999999776],100
174,[0.46000000000000013, 0.4800000000000001, 0.059999999999999776],100
308,[0.4800000000000001, 0.46000000000000013, 0.059999999999999776],100
256,[0.8800000000000004, 0.059999999999999776, 0.059999999999999776],45
272,[0.059999999999999776, 0.8800000000000004, 0.059999999999999776],100
264,[0.4800000000000001, 0.46000000000000013, 0.059999999999999776],100
266,[0.8800000000000004, 0.059999999999999776, 0.059999999999999776],50
275,[0.059999999999999776, 0.8800000000000004, 0.059999999999999776],100
292,[0.4800000000000001, 0.46000000000000013, 0.059999999999999776],100
273,[0.8800000000000004, 0.059999999999999776, 0.059999999999999776],85
288,[0.059999999999999776, 0.8800000000000004, 0.059999999999999776],100
376,[0.8800000000000004, 0.059999999999999776, 0.059999999999999776],5
646,[0.4800000000000001, 0.059999999999999776, 0.46000000000000013],15
338,[0.059999999999999776, 0.8800000000000004, 0.059999999999999776],100
187,[0.8800000000000004, 0.059999999999999776, 0.059999999999999776],20
440,[0.4800000000000001, 0.059999999999999776, 0.46000000000000013],5
382,[0.059999999999999776, 0.8800000000000004, 0.059999999999999776],100
491,[0.8800000000000004, 0.059999999999999776, 0.059999999999999776],0
435,[0.4800000000000001, 0.059999999999999776, 0.46000000000000013],0
424,[0.059999999999999776, 0.8800000000000004, 0.059999999999999776],100
380,[0.8800000000000004, 0.059999999999999776, 0.059999999999999776],0
399,[0.4800000000000001, 0.059999999999999776, 0.46000000000000013],0
422,[0.059999999999999776, 0.8800000000000004, 0.059999999999999776],100
377,[0.8800000000000004, 0.059999999999999776, 0.059999999999999776],0
410,[0.4800000000000001, 0.059999999999999776, 0.46000000000000013],20
369,[0.059999999999999776, 0.8800000000000004, 0.059999999999999776],100
461,[0.8800000000000004, 0.059999999999999776, 0.059999999999999776],20
433,[0.4800000000000001, 0.059999999999999776, 0.46000000000000013],15
389,[0.059999999999999776, 0.8800000000000004, 0.059999999999999776],100
139,[0.6400000000000002, 0.2999999999999999, 0.05999999999999989],100
137,[0.8800000000000004, 0.059999999999999776, 0.059999999999999776],100
143,[0.2999999999999999, 0.6400000000000002, 0.05999999999999989],100
248,[0.4800000000000001, 0.46000000000000013, 0.059999999999999776],100
260,[0.8800000000000004, 0.059999999999999776, 0.059999999999999776],90
244,[0.059999999999999776, 0.8800000000000004, 0.059999999999999776],100
242,[0.8800000000000004, 0.059999999999999776, 0.059999999999999776],90
222,[0.8800000000000004, 0.059999999999999776, 0.059999999999999776],75
232,[0.059999999999999776, 0.8800000000000004, 0.059999999999999776],100
226,[0.4800000000000001, 0.46000000000000013, 0.059999999999999776],100
248,[0.8800000000000004, 0.059999999999999776, 0.059999999999999776],50
250,[0.059999999999999776, 0.8800000000000004, 0.059999999999999776],100
378,[0.8800000000000004, 0.059999999999999776, 0.059999999999999776],5
373,[0.8800000000000004, 0.059999999999999776, 0.059999999999999776],0
343,[0.059999999999999776, 0.8800000000000004, 0.059999999999999776],100
461,[0.8800000000000004, 0.059999999999999776, 0.059999999999999776],20
394,[0.4800000000000001, 0.059999999999999776, 0.46000000000000013],0
387,[0.059999999999999776, 0.8800000000000004, 0.059999999999999776],100
391,[0.8800000000000004, 0.059999999999999776, 0.059999999999999776],0
439,[0.4800000000000001, 0.059999999999999776, 0.46000000000000013],0
412,[0.059999999999999776, 0.8800000000000004, 0.059999999999999776],100
401,[0.8800000000000004, 0.059999999999999776, 0.059999999999999776],15
393,[0.4800000000000001, 0.059999999999999776, 0.46000000000000013],0
353,[0.059999999999999776, 0.8800000000000004, 0.059999999999999776],100
429,[0.8800000000000004, 0.059999999999999776, 0.059999999999999776],0
407,[0.4800000000000001, 0.059999999999999776, 0.46000000000000013],0
388,[0.059999999999999776, 0.8800000000000004, 0.059999999999999776],100
348,[0.8800000000000004, 0.059999999999999776, 0.059999999999999776],0
292,[0.8800000000000004, 0.059999999999999776, 0.059999999999999776],0
326,[0.059999999999999776, 0.8800000000000004, 0.059999999999999776],100
138,[0.6400000000000002, 0.2999999999999999, 0.05999999999999989],100
146,[0.8800000000000004, 0.059999999999999776, 0.059999999999999776],100
135,[0.38, 0.5600000000000002, 0.05999999999999983],100
250,[0.4800000000000001, 0.46000000000000013, 0.059999999999999776],100
240,[0.8800000000000004, 0.059999999999999776, 0.059999999999999776],95
248,[0.059999999999999776, 0.8800000000000004, 0.059999999999999776],100
233,[0.4800000000000001, 0.46000000000000013, 0.059999999999999776],100
238,[0.8800000000000004, 0.059999999999999776, 0.059999999999999776],65
244,[0.059999999999999776, 0.8800000000000004, 0.059999999999999776],100
235,[0.4800000000000001, 0.46000000000000013, 0.059999999999999776],100
239,[0.8800000000000004, 0.059999999999999776, 0.059999999999999776],85
241,[0.059999999999999776, 0.8800000000000004, 0.059999999999999776],100
368,[0.8800000000000004, 0.059999999999999776, 0.059999999999999776],5
354,[0.8800000000000004, 0.059999999999999776, 0.059999999999999776],0
351,[0.059999999999999776, 0.8800000000000004, 0.059999999999999776],100
372,[0.8800000000000004, 0.059999999999999776, 0.059999999999999776],0
400,[0.4800000000000001, 0.059999999999999776, 0.46000000000000013],0
361,[0.059999999999999776, 0.8800000000000004, 0.059999999999999776],100
408,[0.8800000000000004, 0.059999999999999776, 0.059999999999999776],0
405,[0.4800000000000001, 0.059999999999999776, 0.46000000000000013],0
283,[0.059999999999999776, 0.8800000000000004, 0.059999999999999776],100
292,[0.8800000000000004, 0.059999999999999776, 0.059999999999999776],0
235,[0.8800000000000004, 0.059999999999999776, 0.059999999999999776],10
396,[0.059999999999999776, 0.8800000000000004, 0.059999999999999776],100
353,[0.8800000000000004, 0.059999999999999776, 0.059999999999999776],0
367,[0.8800000000000004, 0.059999999999999776, 0.059999999999999776],0
302,[0.059999999999999776, 0.8800000000000004, 0.059999999999999776],100
389,[0.8800000000000004, 0.059999999999999776, 0.059999999999999776],0
388,[0.4800000000000001, 0.059999999999999776, 0.46000000000000013],5
347,[0.059999999999999776, 0.8800000000000004, 0.059999999999999776],100
145,[0.4800000000000001, 0.46000000000000013, 0.059999999999999776],100
153,[0.8800000000000004, 0.059999999999999776, 0.059999999999999776],100
136,[0.38, 0.5600000000000002, 0.05999999999999983],100
256,[0.8800000000000004, 0.059999999999999776, 0.059999999999999776],75
255,[0.8800000000000004, 0.059999999999999776, 0.059999999999999776],80
239,[0.059999999999999776, 0.8800000000000004, 0.059999999999999776],100
243,[0.4800000000000001, 0.46000000000000013, 0.059999999999999776],100
246,[0.8800000000000004, 0.059999999999999776, 0.059999999999999776],80
238,[0.059999999999999776, 0.8800000000000004, 0.059999999999999776],100
223,[0.4800000000000001, 0.46000000000000013, 0.059999999999999776],100
238,[0.8800000000000004, 0.059999999999999776, 0.059999999999999776],50
259,[0.059999999999999776, 0.8800000000000004, 0.059999999999999776],100
369,[0.8800000000000004, 0.059999999999999776, 0.059999999999999776],0
296,[0.8800000000000004, 0.059999999999999776, 0.059999999999999776],5
359,[0.059999999999999776, 0.8800000000000004, 0.059999999999999776],100
439,[0.8800000000000004, 0.059999999999999776, 0.059999999999999776],0
358,[0.8800000000000004, 0.059999999999999776, 0.059999999999999776],0
372,[0.059999999999999776, 0.8800000000000004, 0.059999999999999776],100
327,[0.8800000000000004, 0.059999999999999776, 0.059999999999999776],0
388,[0.8800000000000004, 0.059999999999999776, 0.059999999999999776],0
373,[0.059999999999999776, 0.8800000000000004, 0.059999999999999776],100
342,[0.8800000000000004, 0.059999999999999776, 0.059999999999999776],0
375,[0.8800000000000004, 0.059999999999999776, 0.059999999999999776],0
384,[0.059999999999999776, 0.8800000000000004, 0.059999999999999776],100
365,[0.8800000000000004, 0.059999999999999776, 0.059999999999999776],0
367,[0.4800000000000001, 0.059999999999999776, 0.46000000000000013],0
345,[0.059999999999999776, 0.8800000000000004, 0.059999999999999776],95
338,[0.8800000000000004, 0.059999999999999776, 0.059999999999999776],0
369,[0.8800000000000004, 0.059999999999999776, 0.059999999999999776],0
357,[0.059999999999999776, 0.8800000000000004, 0.059999999999999776],100
138,[0.6400000000000002, 0.2999999999999999, 0.05999999999999989],100
147,[0.8800000000000004, 0.059999999999999776, 0.059999999999999776],100
139,[0.2999999999999999, 0.6400000000000002, 0.05999999999999989],100
234,[0.8800000000000004, 0.059999999999999776, 0.059999999999999776],85
246,[0.8800000000000004, 0.059999999999999776, 0.059999999999999776],90
242,[0.059999999999999776, 0.8800000000000004, 0.059999999999999776],100
238,[0.4800000000000001, 0.46000000000000013, 0.059999999999999776],100
245,[0.8800000000000004, 0.059999999999999776, 0.059999999999999776],80
156,[0.059999999999999776, 0.8800000000000004, 0.059999999999999776],100
228,[0.8800000000000004, 0.059999999999999776, 0.059999999999999776],75
255,[0.8800000000000004, 0.059999999999999776, 0.059999999999999776],100
242,[0.059999999999999776, 0.8800000000000004, 0.059999999999999776],100
373,[0.8800000000000004, 0.059999999999999776, 0.059999999999999776],5
363,[0.8800000000000004, 0.059999999999999776, 0.059999999999999776],0
331,[0.059999999999999776, 0.8800000000000004, 0.059999999999999776],100
332,[0.8800000000000004, 0.059999999999999776, 0.059999999999999776],0
457,[0.4800000000000001, 0.059999999999999776, 0.46000000000000013],0
421,[0.059999999999999776, 0.8800000000000004, 0.059999999999999776],100
397,[0.8800000000000004, 0.059999999999999776, 0.059999999999999776],0
392,[0.4800000000000001, 0.059999999999999776, 0.46000000000000013],0
363,[0.059999999999999776, 0.8800000000000004, 0.059999999999999776],100
394,[0.8800000000000004, 0.059999999999999776, 0.059999999999999776],0
368,[0.8800000000000004, 0.059999999999999776, 0.059999999999999776],0
370,[0.059999999999999776, 0.8800000000000004, 0.059999999999999776],100
422,[0.8800000000000004, 0.059999999999999776, 0.059999999999999776],10
458,[0.4800000000000001, 0.059999999999999776, 0.46000000000000013],20
344,[0.059999999999999776, 0.8800000000000004, 0.059999999999999776],100
344,[0.8800000000000004, 0.059999999999999776, 0.059999999999999776],0
411,[0.4800000000000001, 0.059999999999999776, 0.46000000000000013],0
349,[0.059999999999999776, 0.8800000000000004, 0.059999999999999776],100
145,[0.6400000000000002, 0.2999999999999999, 0.05999999999999989],100
142,[0.8800000000000004, 0.059999999999999776, 0.059999999999999776],100
140,[0.2999999999999999, 0.6400000000000002, 0.05999999999999989],100
236,[0.4800000000000001, 0.46000000000000013, 0.059999999999999776],100
235,[0.8800000000000004, 0.059999999999999776, 0.059999999999999776],80
248,[0.059999999999999776, 0.8800000000000004, 0.059999999999999776],100
247,[0.4800000000000001, 0.46000000000000013, 0.059999999999999776],100
210,[0.8800000000000004, 0.059999999999999776, 0.059999999999999776],95
295,[0.059999999999999776, 0.8800000000000004, 0.059999999999999776],100
244,[0.8800000000000004, 0.059999999999999776, 0.059999999999999776],95
273,[0.8800000000000004, 0.059999999999999776, 0.059999999999999776],25
247,[0.059999999999999776, 0.8800000000000004, 0.059999999999999776],100
417,[0.8800000000000004, 0.059999999999999776, 0.059999999999999776],20
339,[0.8800000000000004, 0.059999999999999776, 0.059999999999999776],0
364,[0.059999999999999776, 0.8800000000000004, 0.059999999999999776],100
372,[0.8800000000000004, 0.059999999999999776, 0.059999999999999776],0
397,[0.4800000000000001, 0.059999999999999776, 0.46000000000000013],0
375,[0.059999999999999776, 0.8800000000000004, 0.059999999999999776],100
416,[0.8800000000000004, 0.059999999999999776, 0.059999999999999776],0
413,[0.4800000000000001, 0.059999999999999776, 0.46000000000000013],0
333,[0.059999999999999776, 0.8800000000000004, 0.059999999999999776],100
397,[0.8800000000000004, 0.059999999999999776, 0.059999999999999776],0
370,[0.8800000000000004, 0.059999999999999776, 0.059999999999999776],0
366,[0.059999999999999776, 0.8800000000000004, 0.059999999999999776],100
380,[0.8800000000000004, 0.059999999999999776, 0.059999999999999776],0
355,[0.4800000000000001, 0.059999999999999776, 0.46000000000000013],0
363,[0.059999999999999776, 0.8800000000000004, 0.059999999999999776],100
337,[0.8800000000000004, 0.059999999999999776, 0.059999999999999776],0
398,[0.4800000000000001, 0.059999999999999776, 0.46000000000000013],0
316,[0.059999999999999776, 0.8800000000000004, 0.059999999999999776],100
