1, 12.000000, 12.000000, 2000.000000, 0.000001, -5.000750, 0 
2, 12.000000, 12.000000, 2000.000000, -0.000179, -4.949021, 0 
3, 12.000000, 12.000000, 2000.000000, -0.000602, -4.888945, 0 
4, 12.000000, 12.000000, 2000.000000, -0.001054, -4.830122, 0 
5, 12.000000, 12.000000, 2000.000000, -0.001650, -4.770588, 0 
6, 12.000000, 12.000000, 2000.000000, -0.002250, -4.709788, 0 
7, 12.000000, 12.000000, 2000.000000, -0.002849, -4.649258, 0 
8, 12.000000, 12.000000, 2000.000000, -0.003426, -4.590945, 0 
9, 12.000000, 12.000000, 2000.000000, -0.004040, -4.528849, 0 
10, 12.000000, 12.000000, 2000.000000, -0.004618, -4.470526, 0 
11, 12.000000, 12.000000, 2000.000000, -0.003500, -4.415069, 0 
12, 12.000000, 12.000000, 2000.000000, -0.000749, -4.354455, 0 
13, 12.000000, 12.000000, 2000.000000, 0.001843, -4.295254, 0 
14, 12.000000, 12.000000, 2000.000000, 0.004529, -4.235094, 0 
15, 12.000000, 12.000000, 2000.000000, 0.007189, -4.175457, 0 
16, 12.000000, 12.000000, 2000.000000, 0.009781, -4.117031, 0 
17, 12.000000, 12.000000, 2000.000000, 0.012473, -4.056395, 0 
1000.000000, 0 
1000.000000, 0 
1000.000000, 0 
