1, 12.000000, 12.000000, 2000.000000, 0.000001, -4.000750, 0 
2, 12.000000, 12.000000, 2000.000000, -0.000179, -3.949021, 0 
3, 12.000000, 12.000000, 2000.000000, -0.000602, -3.888945, 0 
4, 12.000000, 12.000000, 2000.000000, -0.001054, -3.830122, 0 
5, 12.000000, 12.000000, 2000.000000, -0.001650, -3.770588, 0 
6, 12.000000, 12.000000, 2000.000000, -0.002250, -3.709788, 0 
7, 12.000000, 12.000000, 2000.000000, -0.002849, -3.649258, 0 
8, 12.000000, 12.000000, 2000.000000, -0.003426, -3.590945, 0 
9, 12.000000, 12.000000, 2000.000000, -0.004040, -3.528849, 0 
1000.000000, 0 
1000.000000, 0 
1000.000000, 0 
